Dataset,Fold,Fold Accuracy,Training Time,Testing Time,Imputer Strategy_none,Imputer Strategy_simpleimputer,Categorical Strategy_none,Categorical Strategy_onehot,Categorical Strategy_ordinalencoder,Feature Selection_extra_tree,Feature Selection_fastica,Feature Selection_feature_agglomeration,Feature Selection_generic_univariate,Feature Selection_kernel_pca,Feature Selection_linear_svc,Feature Selection_none,Feature Selection_nystroem,Feature Selection_pca,Feature Selection_polynomial_features,Feature Selection_random_trees_embedding,Feature Selection_rbf_sampler,Feature Selection_select_percentile,Feature Selection_truncated_svd,Scaler_minmax,Scaler_none,Scaler_normalizer,Scaler_power,Scaler_quantile,Scaler_robust,Scaler_standard,C,kernel,degree,gamma,coef0,shrinking,tol,random_state
sick_38,1,0.9735099337748344,0.8252215385437012,0.183823823928833,1,0,0,1,0,0,0,0,0,0,0,0,0,0,0,1,0,0,0,0,0,0,0,1,0,0,1.160969615612744,linear,2,scale,0.2880923428724518,False,0.0008906293501664,0
sick_38,0,0.9629139072847682,0.7269289493560791,0.1562345027923584,1,0,0,1,0,0,0,0,0,0,0,0,0,0,0,1,0,0,0,0,0,0,0,1,0,0,2.4490595412806977,poly,4,auto,-0.1199164506192021,True,0.0001250462671697,0
sick_38,0,0.9562913907284768,0.9052934646606444,0.198068618774414,1,0,0,0,1,0,0,0,0,0,0,0,0,0,0,1,0,0,0,0,0,0,0,1,0,0,0.1181288223769169,linear,2,scale,-0.0522080879586348,True,0.0034380734846719,0
sick_38,0,0.9496688741721856,0.6001560688018799,0.1336958408355713,1,0,0,1,0,0,0,0,0,0,0,0,0,0,0,1,0,0,0,0,1,0,0,0,0,0,0.263006311903057,sigmoid,4,auto,0.2002886734138071,True,0.0001413530035005,0
sick_38,0,0.9496688741721856,0.5892014503479004,0.133660078048706,1,0,0,1,0,0,0,0,0,0,0,0,0,0,0,1,0,0,0,1,0,0,0,0,0,0,0.1766617490553462,sigmoid,3,auto,-0.9620586997840312,True,0.000409905321669,0
sick_38,0,0.9496688741721856,0.5844826698303223,0.1351315975189209,1,0,0,1,0,0,0,0,0,0,0,0,0,0,0,1,0,0,0,0,0,0,0,0,0,1,1.7830350297944788,sigmoid,4,scale,0.1840534547907319,False,0.0007377613689881,0
sick_38,0,0.9496688741721856,0.7353546619415283,0.158522367477417,1,0,0,0,1,0,0,0,0,0,0,0,0,0,0,1,0,0,0,0,0,0,0,0,1,0,5.903386183663826,rbf,4,scale,0.3719437754164535,False,0.0014706986748218,0
sick_38,0,0.9496688741721856,0.7298274040222168,0.1691062450408935,1,0,0,0,1,0,0,0,0,0,0,0,0,0,0,1,0,0,0,0,1,0,0,0,0,0,0.3578228425368287,poly,3,scale,-0.176726711875695,True,0.0041195244602996,0
sick_38,0,0.9496688741721856,0.7338817119598389,0.1573712825775146,1,0,0,0,1,0,0,0,0,0,0,0,0,0,0,1,0,0,0,1,0,0,0,0,0,0,3.384251336949635,rbf,5,scale,0.1407191275703113,True,0.0001647895621647,0
sick_38,0,0.9496688741721856,0.5920062065124512,0.1355993747711181,1,0,0,1,0,0,0,0,0,0,0,0,0,0,0,1,0,0,0,0,0,0,0,0,1,0,0.1340269573095152,sigmoid,3,0.019903273813415293,0.2726050472602853,True,0.0001213383656253,0
sick_38,0,0.9496688741721856,0.7294700145721436,0.1612570285797119,1,0,0,0,1,0,0,0,0,0,0,0,0,0,0,1,0,0,0,0,0,0,0,0,0,1,0.7278574796970465,rbf,3,scale,0.6523575757523655,True,0.0004669266690003,0
sick_38,4,0.946949602122016,0.7293808460235596,0.1605041027069091,1,0,0,1,0,0,0,0,0,0,0,0,0,0,0,1,0,0,0,0,0,0,0,1,0,0,0.1597734705997362,sigmoid,3,0.2744637605148927,-0.4004760470317771,False,0.0016885431513047,0
sick_38,4,0.946949602122016,1.4423201084136963,0.1932015419006347,1,0,0,0,1,0,0,0,0,0,0,0,0,0,0,1,0,0,0,0,0,0,0,1,0,0,0.8089788934782285,rbf,4,scale,0.3339479852014372,True,0.0003400623522982,0
sick_38,4,0.940318302387268,0.6503555774688721,0.1396832466125488,1,0,0,1,0,0,0,0,0,0,0,0,0,0,0,1,0,0,0,0,0,0,0,0,0,1,3.6063189574960655,linear,2,auto,-0.2491444323584638,True,0.0003271175582645,0
sick_38,4,0.940318302387268,0.65395188331604,0.1397137641906738,1,0,0,1,0,0,0,0,0,0,0,0,0,0,0,1,0,0,0,0,1,0,0,0,0,0,0.3076999021915205,rbf,2,0.648376157119455,0.4783959093754409,True,0.0010233797094932,0
sick_38,4,0.940318302387268,0.5981183052062988,0.1235935688018798,1,0,0,0,1,0,0,0,0,0,0,0,0,0,0,1,0,0,0,0,0,0,0,0,1,0,1.4652774106668576,rbf,2,scale,-0.2207204577733757,True,0.000886912325364,0
sick_38,3,0.940318302387268,0.8384912014007568,0.1891622543334961,1,0,0,0,1,0,0,0,0,0,0,0,0,0,0,1,0,0,0,0,0,0,0,1,0,0,0.1721903993530344,sigmoid,4,scale,-0.2558285155996065,True,0.0004442595006956,0
sick_38,4,0.940318302387268,0.6001195907592773,0.1250944137573242,1,0,0,0,1,0,0,0,0,0,0,0,0,0,0,1,0,0,0,0,0,0,0,0,0,1,0.4738634143354974,sigmoid,3,auto,0.2344363096628028,True,0.0003933928915734,0
sick_38,4,0.940318302387268,0.6517088413238525,0.1378595829010009,1,0,0,1,0,0,0,0,0,0,0,0,0,0,0,1,0,0,0,0,0,0,0,0,1,0,2.800170310799878,rbf,4,scale,0.12842996495051,False,0.0005423950859032,0
sick_38,4,0.940318302387268,0.6578810214996338,0.1382951736450195,1,0,0,1,0,0,0,0,0,0,0,0,0,0,0,1,0,0,0,1,0,0,0,0,0,0,3.4054352883770567,rbf,3,scale,0.0526460686719953,True,0.0068643452196298,0
autoUniv-au6-1000_1555,3,0.355,0.0280153751373291,0.0061252117156982,1,0,0,0,1,0,0,0,0,0,0,0,0,0,0,0,0,1,0,0,0,0,0,1,0,0,8.431807854261208,rbf,2,scale,-0.3620604245780378,False,0.00306804174216,0
autoUniv-au6-1000_1555,3,0.355,0.0274581909179687,0.0061652660369873,0,1,0,0,1,0,0,0,0,0,0,0,0,0,0,0,0,1,0,0,0,0,0,1,0,0,0.3355928105022945,rbf,5,scale,-0.4713668752882138,True,0.0006039431444464,0
autoUniv-au6-1000_1555,3,0.335,0.0288128852844238,0.0060548782348632,1,0,0,1,0,0,0,0,1,0,0,0,0,0,0,0,0,0,0,0,0,0,0,1,0,0,3.3509494649495712,rbf,2,scale,-0.0091320746031573,False,0.00012317402561,0
autoUniv-au6-1000_1555,3,0.335,0.02801513671875,0.0057029724121093,0,1,0,0,1,0,0,0,1,0,0,0,0,0,0,0,0,0,0,0,0,0,0,1,0,0,5.530663274280561,poly,2,auto,0.4012312082939034,True,0.0004047883246938,0
autoUniv-au6-1000_1555,3,0.335,0.0276386737823486,0.0059072971343994,1,0,0,0,1,0,0,0,1,0,0,0,0,0,0,0,0,0,0,0,0,0,1,0,0,0,0.6545050897580756,sigmoid,3,0.4565162447358945,-0.3373450294283183,True,0.0001273734107913,0
autoUniv-au6-1000_1555,3,0.335,0.0277910232543945,0.00579833984375,1,0,0,1,0,0,0,0,1,0,0,0,0,0,0,0,0,0,0,0,0,0,1,0,0,0,1.3298744622211776,rbf,2,scale,-0.4346112387894743,True,0.0004921970145502,0
autoUniv-au6-1000_1555,3,0.335,0.027738332748413,0.0059165954589843,0,1,0,1,0,0,0,0,1,0,0,0,0,0,0,0,0,0,0,0,0,0,1,0,0,0,0.8889712112977786,poly,2,0.01048585906508278,0.0288748584612284,True,0.0049818163311427,0
autoUniv-au6-1000_1555,3,0.335,0.0290455818176269,0.0060367584228515,0,1,0,1,0,0,0,0,1,0,0,0,0,0,0,0,0,0,0,0,0,0,0,1,0,0,1.973280120821935,rbf,4,auto,0.0861077228251681,True,0.0001301626764005,0
autoUniv-au6-1000_1555,3,0.335,0.0281112194061279,0.0058188438415527,0,1,0,0,1,0,0,0,1,0,0,0,0,0,0,0,0,0,0,0,0,0,1,0,0,0,0.9728188076303564,rbf,2,auto,-0.2812910016206643,True,0.0003947217123877,0
autoUniv-au6-1000_1555,3,0.335,0.0287656784057617,0.0059311389923095,1,0,0,0,1,0,0,0,1,0,0,0,0,0,0,0,0,0,0,0,0,0,0,1,0,0,1.2362191452463789,poly,2,scale,0.6322829538828333,True,0.0001322726199432,0
autoUniv-au6-1000_1555,3,0.325,0.2802755832672119,0.0832295417785644,0,1,0,1,0,0,0,0,0,0,0,0,0,0,1,0,0,0,0,1,0,0,0,0,0,0,2.921974909916943,rbf,4,scale,-0.4533376444603658,False,0.0004925190240694,0
autoUniv-au6-1000_1555,3,0.325,0.2842023372650146,0.1018762588500976,1,0,0,1,0,0,0,0,0,0,0,0,0,0,1,0,0,0,0,1,0,0,0,0,0,0,1.7962736661983103,rbf,3,scale,-0.2065283679050628,False,0.000598136264576,0
autoUniv-au6-1000_1555,3,0.32,0.2797334194183349,0.0781934261322021,1,0,0,1,0,0,0,0,0,0,0,0,0,0,1,0,0,0,0,0,0,0,0,1,0,0,0.3212750926566866,rbf,4,scale,-0.4896405953187091,True,0.0010795903413829,0
autoUniv-au6-1000_1555,3,0.32,0.0289461612701416,0.0061686038970947,0,1,0,1,0,0,0,0,0,0,0,0,0,0,0,0,0,1,0,0,0,0,0,1,0,0,1.023855119046987,sigmoid,3,0.48420648948400563,-0.1050909866319173,True,0.0013679425688251,0
autoUniv-au6-1000_1555,3,0.32,0.0594241619110107,0.0097389221191406,1,0,0,1,0,0,0,0,0,0,0,0,0,1,0,0,0,0,0,0,0,0,0,0,1,0,0.173419184875099,rbf,2,scale,-0.5222695253677453,False,0.0022581172674613,0
autoUniv-au6-1000_1555,3,0.32,0.0842745304107666,0.0116848945617675,1,0,0,1,0,0,0,0,0,1,0,0,0,0,0,0,0,0,0,0,0,0,0,0,1,0,0.1048062747947282,rbf,2,0.973360244051118,0.3795064939610268,False,0.0014532284164151,0
autoUniv-au6-1000_1555,3,0.32,0.085435152053833,0.0119938850402832,0,1,0,1,0,0,0,0,0,1,0,0,0,0,0,0,0,0,0,0,0,0,0,0,1,0,0.6480119772896222,rbf,4,auto,-0.2287583518918448,True,0.0003773666734241,0
autoUniv-au6-1000_1555,3,0.32,0.0537946224212646,0.0078635215759277,1,0,0,1,0,0,0,0,0,0,0,0,0,0,0,0,0,1,0,0,0,0,0,1,0,0,0.1282296222372406,linear,2,auto,0.2097381719979107,True,0.0003044944101642,0
autoUniv-au6-1000_1555,3,0.32,0.0526187419891357,0.0106127262115478,0,1,0,1,0,0,0,0,0,0,0,0,0,1,0,0,0,0,0,0,0,0,0,0,1,0,0.612560684354484,poly,4,scale,-0.3070651974689096,True,0.0001058981615666,0
autoUniv-au6-1000_1555,3,0.32,0.2763793468475342,0.0854513645172119,0,1,0,1,0,0,0,0,0,0,0,0,0,0,1,0,0,0,0,0,0,0,0,1,0,0,0.3325678004730571,rbf,3,auto,-0.3937399023505095,True,0.0018023765940515,0
analcatdata_creditscore_461,0,1.0,0.0010130405426025,0.0001535415649414,0,1,0,0,1,0,0,0,0,1,0,0,0,0,0,0,0,0,0,0,0,0,0,1,0,0,0.2202754831549236,poly,2,scale,0.399547709188409,False,0.0051796923848975,0
analcatdata_creditscore_461,1,1.0,0.0010936260223388,0.0001883506774902,1,0,1,0,0,0,0,0,0,0,0,0,0,1,0,0,0,0,0,0,1,0,0,0,0,0,0.4224981654685332,rbf,2,auto,0.5163212846204372,False,0.0003927106865195,0
analcatdata_creditscore_461,4,1.0,0.0010783672332763,0.0001564025878906,0,1,0,0,1,0,0,0,0,1,0,0,0,0,0,0,0,0,0,0,0,0,0,1,0,0,1.9818752107846356,rbf,5,auto,-0.4831303039333646,True,0.0051720363971289,0
analcatdata_creditscore_461,4,1.0,0.0009372234344482,0.0001349449157714,0,1,0,0,1,0,0,0,0,0,0,0,0,0,0,0,0,1,0,0,0,0,0,1,0,0,6.402993028459775,rbf,2,scale,0.2727646793455072,False,0.0015024429942518,0
analcatdata_creditscore_461,1,1.0,0.0018622875213623,0.0008354187011718,1,0,1,0,0,0,0,0,0,0,0,1,0,0,0,0,0,0,0,0,1,0,0,0,0,0,7.2697943762227215,rbf,3,scale,0.0342795936647633,False,0.0025045219079834,0
analcatdata_creditscore_461,3,1.0,0.0008792877197265,0.0001349449157714,0,1,0,0,1,0,0,0,0,0,1,0,0,0,0,0,0,0,0,0,0,0,0,1,0,0,2.0565743007233404,poly,2,scale,-0.1294973334010387,True,0.0032452877004999,0
analcatdata_creditscore_461,1,1.0,0.0009665489196777,0.0001578330993652,1,0,1,0,0,0,0,0,0,0,0,0,0,0,0,0,0,0,1,0,1,0,0,0,0,0,0.7853971677441277,sigmoid,3,scale,-0.0807701154426481,False,0.0043263132381252,0
analcatdata_creditscore_461,3,1.0,0.0010950565338134,0.0001554489135742,0,1,0,0,1,0,0,0,0,1,0,0,0,0,0,0,0,0,0,0,0,0,0,1,0,0,6.97888614171168,rbf,2,auto,0.4023214529093289,True,0.0002872092914161,0
analcatdata_creditscore_461,4,1.0,0.000840425491333,0.0001330375671386,0,1,1,0,0,0,0,0,0,0,1,0,0,0,0,0,0,0,0,0,0,0,1,0,0,0,0.5614364624645062,linear,3,auto,0.0121386191042277,True,0.0003650575526266,0
analcatdata_creditscore_461,0,1.0,0.0013833045959472,0.000223159790039,0,1,1,0,0,0,0,0,0,1,0,0,0,0,0,0,0,0,0,0,0,0,1,0,0,0,0.3259883688230344,poly,2,auto,-0.0537753712411563,False,0.0025989382156898,0
analcatdata_creditscore_461,1,1.0,0.0009562969207763,0.0001351833343505,0,1,0,0,1,1,0,0,0,0,0,0,0,0,0,0,0,0,0,0,0,0,0,1,0,0,0.4992478515987383,rbf,2,scale,-0.0706230453482892,True,0.0002048188072999,0
analcatdata_creditscore_461,4,1.0,0.0008289813995361,0.0001637935638427,0,1,0,0,1,0,0,0,0,0,1,0,0,0,0,0,0,0,0,0,0,0,0,1,0,0,0.24394370893899,rbf,4,auto,0.160264593098623,True,0.007405647774652,0
analcatdata_creditscore_461,3,1.0,0.001000165939331,0.0001366138458251,0,1,0,0,1,1,0,0,0,0,0,0,0,0,0,0,0,0,0,0,0,0,0,1,0,0,4.9318102663069485,rbf,2,scale,-0.0108592747172956,True,0.0006960545600764,0
analcatdata_creditscore_461,4,1.0,0.0009341239929199,0.0001361370086669,0,1,0,0,1,1,0,0,0,0,0,0,0,0,0,0,0,0,0,0,0,0,0,1,0,0,0.47256091355073,sigmoid,3,auto,-0.0500139566846543,True,0.0010637631869568,0
analcatdata_creditscore_461,0,1.0,0.0008332729339599,0.0001351833343505,0,1,0,0,1,0,0,0,0,0,1,0,0,0,0,0,0,0,0,0,0,0,0,1,0,0,4.014086710930673,poly,4,auto,0.2185895564104348,True,0.0002999444550853,0
analcatdata_creditscore_461,1,1.0,0.0008351802825927,0.0001323223114013,0,1,0,0,1,0,0,0,0,0,1,0,0,0,0,0,0,0,0,0,0,0,0,1,0,0,3.810264662216557,rbf,4,0.06032179277819029,0.4284233681104259,True,0.000145294154345,0
analcatdata_creditscore_461,0,1.0,0.0026240348815917,0.0002374649047851,0,1,0,0,1,0,0,0,0,0,0,0,1,0,0,0,0,0,0,0,0,0,0,1,0,0,0.9980888371075416,poly,3,auto,-0.4747116807985958,True,0.0003620603987907,0
analcatdata_creditscore_461,3,1.0,0.0013740062713623,0.0002305507659912,0,1,0,0,1,0,0,0,0,0,0,0,1,0,0,0,0,0,0,0,0,0,0,1,0,0,0.8891171790139222,poly,2,scale,-0.2982094623341779,True,0.0060463219148024,0
analcatdata_creditscore_461,4,1.0,0.0013480186462402,0.0002274513244628,0,1,0,0,1,0,0,0,0,0,0,0,1,0,0,0,0,0,0,0,0,0,0,1,0,0,7.232561233180795,linear,3,scale,0.2474414731981385,True,0.0018939658842244,0
analcatdata_creditscore_461,3,1.0,0.0014245510101318,0.0002367496490478,1,0,0,0,1,0,0,0,0,0,0,0,1,0,0,0,0,0,0,0,0,0,0,1,0,0,9.902898051300694,sigmoid,3,scale,0.5630025705546953,False,0.0009480458265563,0
sa-heart_1498,2,0.8260869565217391,0.0095002651214599,0.0032875537872314,0,1,1,0,0,0,0,0,0,0,0,0,1,0,0,0,0,0,0,0,0,0,1,0,0,0,8.98170746231087,sigmoid,5,scale,0.1376583597160726,False,0.0001201989136126,0
sa-heart_1498,2,0.8260869565217391,0.0055015087127685,0.0014543533325195,1,0,0,1,0,0,0,0,0,0,0,0,0,0,1,0,0,0,0,0,0,0,0,0,1,0,5.86452058512346,rbf,5,0.18563271312170085,0.4014988694967873,True,0.0002862320500236,0
sa-heart_1498,2,0.8260869565217391,0.0057494640350341,0.0012784004211425,1,0,1,0,0,0,0,0,0,0,0,1,0,0,0,0,0,0,0,0,0,0,0,0,0,1,1.8785128911477933,rbf,4,scale,-0.0819421373881834,True,0.0002362306887565,0
sa-heart_1498,2,0.8260869565217391,0.0073440074920654,0.0016145706176757,1,0,0,1,0,0,0,0,0,1,0,0,0,0,0,0,0,0,0,0,0,0,0,0,0,1,0.3178280340075914,rbf,3,auto,-0.0464196009075652,True,0.0002214938017102,0
sa-heart_1498,2,0.8260869565217391,0.0057024955749511,0.0015180110931396,1,0,0,1,0,0,0,0,0,0,0,0,0,0,1,0,0,0,0,0,0,0,0,0,0,1,0.889055739342581,sigmoid,2,scale,0.2290520128476669,False,0.0067468944812946,0
sa-heart_1498,2,0.8260869565217391,0.0057182312011718,0.0011992454528808,1,0,0,0,1,0,0,0,0,0,0,1,0,0,0,0,0,0,0,0,0,0,0,0,0,1,1.0153904062668568,sigmoid,4,scale,-0.5809140107705597,False,0.001991926668892,0
sa-heart_1498,2,0.8260869565217391,0.0055105686187744,0.0014641284942626,1,0,0,0,1,0,0,0,0,0,0,0,0,0,1,0,0,0,0,0,0,0,0,0,1,0,0.316967949892209,linear,3,scale,0.101230456294556,False,0.0047918024500026,0
sa-heart_1498,2,0.8260869565217391,0.0039310455322265,0.001009464263916,1,0,0,0,1,0,0,0,0,0,0,0,0,1,0,0,0,0,0,0,0,0,0,0,0,1,5.607223049491884,rbf,2,scale,-0.1688123328600616,True,0.0001786798527917,0
sa-heart_1498,2,0.8260869565217391,0.00657320022583,0.0015788078308105,1,0,1,0,0,0,0,0,0,1,0,0,0,0,0,0,0,0,0,0,0,0,0,0,0,1,0.6650296111128441,linear,3,scale,-0.2398066429616054,True,0.0001154927196624,0
sa-heart_1498,2,0.8260869565217391,0.0054399967193603,0.001474380493164,0,1,1,0,0,0,0,0,0,0,0,0,0,0,1,0,0,0,0,0,0,0,0,0,1,0,1.7331721088526992,sigmoid,2,auto,0.1756258781573785,True,0.0012575067475567,0
sa-heart_1498,2,0.8260869565217391,0.0103931427001953,0.0035583972930908,1,0,0,0,1,0,0,0,0,0,0,0,1,0,0,0,0,0,0,0,0,0,1,0,0,0,3.37363722855417,rbf,3,scale,0.0490023275195046,True,0.0005325784467997,0
sa-heart_1498,2,0.8260869565217391,0.0057423114776611,0.0011591911315917,0,1,0,0,1,0,0,0,0,0,0,1,0,0,0,0,0,0,0,0,0,0,0,0,0,1,2.7691446159838624,rbf,3,scale,0.0630051435988639,False,0.0001114260155525,0
sa-heart_1498,2,0.8260869565217391,0.0040028095245361,0.0009686946868896,0,1,0,0,1,0,0,0,0,0,0,0,0,1,0,0,0,0,0,0,0,0,0,0,0,1,1.5406342501115542,rbf,2,scale,-0.322073996444785,False,0.0010735501911133,0
sa-heart_1498,2,0.8260869565217391,0.0059661865234375,0.0011999607086181,0,1,1,0,0,0,0,0,0,0,0,1,0,0,0,0,0,0,0,0,0,0,0,0,0,1,0.7172467638779918,rbf,4,0.055382604331011685,0.1674616544483602,True,0.000283909228489,0
sa-heart_1498,2,0.8260869565217391,0.0055274963378906,0.0014815330505371,1,0,1,0,0,0,0,0,0,0,0,0,0,0,1,0,0,0,0,0,0,0,0,0,1,0,0.6526001841026566,linear,3,auto,-0.4406414880658855,False,0.006608885848064,0
sa-heart_1498,2,0.8260869565217391,0.0063273906707763,0.0015385150909423,0,1,0,0,1,0,0,0,0,1,0,0,0,0,0,0,0,0,0,0,0,0,0,0,0,1,0.4269577029107158,rbf,3,0.9512528472001657,-0.3670749447983101,True,0.0056430147555569,0
sa-heart_1498,2,0.8260869565217391,0.0055024623870849,0.0014538764953613,0,1,0,0,1,0,0,0,0,0,0,0,0,0,1,0,0,0,0,0,0,0,0,0,0,1,0.4850276961165724,linear,3,auto,0.5212187207002003,False,0.0003087347664594,0
sa-heart_1498,2,0.8260869565217391,0.0056424140930175,0.0014789104461669,0,1,1,0,0,0,0,0,0,0,0,0,0,0,1,0,0,0,0,0,0,0,0,0,0,1,7.1665412405626,poly,2,scale,-0.0875834660477001,False,0.0006853734556165,0
sa-heart_1498,2,0.8260869565217391,0.0039055347442626,0.0010168552398681,0,1,1,0,0,0,0,0,0,0,0,0,0,1,0,0,0,0,0,0,0,0,0,0,0,1,0.333055067014209,poly,5,0.17098305611626582,0.1473890656932484,False,0.0032541079462986,0
sa-heart_1498,2,0.8260869565217391,0.0041356086730957,0.0010130405426025,0,1,0,1,0,0,0,0,0,0,0,1,0,0,0,0,0,0,0,0,0,0,0,0,0,1,6.595962607039244,linear,5,0.0340357667956915,-0.0914041776195222,False,0.0008157778030061,0
autoUniv-au6-400_1551,3,0.45,0.0063400268554687,0.001004934310913,0,1,0,1,0,0,0,0,1,0,0,0,0,0,0,0,0,0,0,0,0,0,1,0,0,0,2.664889659037049,linear,2,auto,0.0869057993157895,False,0.001990706564187,0
autoUniv-au6-400_1551,3,0.45,0.0087182521820068,0.0012948513031005,1,0,0,0,1,0,0,0,1,0,0,0,0,0,0,0,0,0,0,0,0,0,1,0,0,0,0.4116765163925965,linear,4,scale,-0.2613147529828324,True,0.0066243230943117,0
autoUniv-au6-400_1551,3,0.45,0.0066397190093994,0.0010461807250976,0,1,0,0,1,0,0,0,1,0,0,0,0,0,0,0,0,0,0,0,0,0,1,0,0,0,7.8556122801830846,linear,3,auto,0.1077299470252141,False,0.0006579198038586,0
autoUniv-au6-400_1551,3,0.45,0.0065138339996337,0.0010607242584228,1,0,0,1,0,0,0,0,1,0,0,0,0,0,0,0,0,0,0,0,0,0,1,0,0,0,9.415078187278564,poly,5,auto,0.3766780663277977,False,0.0036947041967787,0
autoUniv-au6-400_1551,3,0.425,0.006728172302246,0.0010826587677001,0,1,0,0,1,0,0,0,1,0,0,0,0,0,0,0,0,0,0,0,0,0,0,1,0,0,1.7468619273707513,poly,4,scale,0.4847497840747067,True,0.0017528503578576,0
autoUniv-au6-400_1551,3,0.425,0.0065765380859375,0.001204490661621,0,1,0,1,0,0,0,0,1,0,0,0,0,0,0,0,0,0,0,0,0,0,0,1,0,0,0.2966958969087431,poly,3,0.44744355912535033,0.3615809256861402,True,0.0008936957020965,0
autoUniv-au6-400_1551,3,0.425,0.0065000057220458,0.001086950302124,1,0,0,1,0,0,0,0,1,0,0,0,0,0,0,0,0,0,0,0,0,0,0,1,0,0,0.6334257537318896,rbf,5,scale,-0.006977247846772,False,0.0005049576131248,0
autoUniv-au6-400_1551,3,0.425,0.0063896179199218,0.0011000633239746,1,0,0,0,1,0,0,0,1,0,0,0,0,0,0,0,0,0,0,0,0,0,0,1,0,0,8.18432379057642,poly,2,0.10399036952843177,0.4864468974632492,True,0.0070113238495872,0
autoUniv-au6-400_1551,3,0.4,0.0068633556365966,0.0011065006256103,0,1,0,0,1,0,0,0,1,0,0,0,0,0,0,0,0,0,0,1,0,0,0,0,0,0,0.7222418775757523,rbf,4,auto,0.1032670524170914,True,0.0001645913391115,0
autoUniv-au6-400_1551,3,0.4,0.0068776607513427,0.0011613368988037,0,1,0,0,1,0,0,0,1,0,0,0,0,0,0,0,0,0,0,0,1,0,0,0,0,0,0.4316638627800641,poly,2,scale,0.3847045437212199,True,0.0027713534171176,0
autoUniv-au6-400_1551,3,0.4,0.0067808628082275,0.0010499954223632,0,1,0,1,0,0,0,0,1,0,0,0,0,0,0,0,0,0,0,0,0,0,0,0,1,0,3.158523746685503,poly,3,0.08084774746585043,-0.2448809102181769,False,0.000881515979814,0
autoUniv-au6-400_1551,3,0.4,0.0068216323852539,0.0010993480682373,1,0,0,0,1,0,0,0,1,0,0,0,0,0,0,0,0,0,0,0,1,0,0,0,0,0,1.201613257275952,poly,4,auto,0.4056286379373718,True,0.0003054257245479,0
autoUniv-au6-400_1551,3,0.4,0.0067806243896484,0.0010764598846435,0,1,0,1,0,0,0,0,1,0,0,0,0,0,0,0,0,0,0,0,1,0,0,0,0,0,1.6113057000007815,sigmoid,4,0.02735924210424131,-0.0192462187282233,True,0.0001015713414912,0
autoUniv-au6-400_1551,3,0.4,0.0067770481109619,0.0010764598846435,1,0,0,0,1,0,0,0,1,0,0,0,0,0,0,0,0,0,0,0,0,0,0,0,0,1,1.8583666838895736,rbf,2,auto,-0.1935235318411902,True,0.0003330277180915,0
autoUniv-au6-400_1551,3,0.4,0.0067372322082519,0.0011351108551025,1,0,0,0,1,0,0,0,1,0,0,0,0,0,0,0,0,0,0,0,0,0,0,0,1,0,6.866049483668294,poly,3,auto,0.0230273550997638,True,0.0014446360458918,0
autoUniv-au6-400_1551,3,0.4,0.0067105293273925,0.0010433197021484,1,0,0,1,0,0,0,0,1,0,0,0,0,0,0,0,0,0,0,0,0,0,0,0,1,0,1.0505716617729148,rbf,4,scale,-0.2681481391747985,False,0.003957758714061,0
autoUniv-au6-400_1551,3,0.4,0.0068440437316894,0.0010254383087158,0,1,0,0,1,0,0,0,1,0,0,0,0,0,0,0,0,0,0,0,0,0,0,0,1,0,0.706313756677644,sigmoid,3,scale,-0.0410440228843744,False,0.0018611623954607,0
autoUniv-au6-400_1551,3,0.4,0.0067534446716308,0.0010352134704589,1,0,0,0,1,0,0,0,1,0,0,0,0,0,0,0,0,0,0,1,0,0,0,0,0,0,8.041847297108335,sigmoid,2,scale,-0.11786147221852,True,0.00015620289387,0
autoUniv-au6-400_1551,3,0.4,0.0068447589874267,0.0010530948638916,1,0,0,1,0,0,0,0,1,0,0,0,0,0,0,0,0,0,0,0,0,0,0,0,0,1,0.1242294024063256,linear,2,scale,-0.1839042512697679,True,0.0005532260674806,0
autoUniv-au6-400_1551,3,0.4,0.0067548751831054,0.0011308193206787,0,1,0,0,1,0,0,0,1,0,0,0,0,0,0,0,0,0,0,0,0,0,0,0,0,1,4.427163592351056,sigmoid,3,scale,-0.1197786968965032,False,0.0001338932192999,0
analcatdata_marketing_986,0,0.6712328767123288,0.004185676574707,0.0008649826049804,0,1,0,1,0,0,0,0,0,0,1,0,0,0,0,0,0,0,0,0,0,0,1,0,0,0,0.7486317991600736,sigmoid,3,0.8760344518237881,-0.3514968828938491,False,0.00196613678036,0
analcatdata_marketing_986,0,0.6712328767123288,0.0033121109008789,0.0008399486541748,0,1,0,0,1,0,0,0,0,0,1,0,0,0,0,0,0,0,0,0,0,0,1,0,0,0,4.990752699680566,sigmoid,2,auto,0.2363231907997072,True,0.004108994990819,0
analcatdata_marketing_986,0,0.6712328767123288,0.0029911994934082,0.0008001327514648,0,1,1,0,0,0,0,0,0,0,1,0,0,0,0,0,0,0,0,0,0,0,1,0,0,0,0.9466543717213716,rbf,2,scale,-0.0365507062533589,True,0.0054657699535379,0
analcatdata_marketing_986,0,0.6575342465753424,0.0051524639129638,0.001194953918457,0,1,1,0,0,0,1,0,0,0,0,0,0,0,0,0,0,0,0,1,0,0,0,0,0,0,0.1405747022291132,sigmoid,4,0.1540247044416078,0.0480882530137701,True,0.000694472684499,0
analcatdata_marketing_986,0,0.6575342465753424,0.0052680969238281,0.0012316703796386,0,1,0,1,0,0,1,0,0,0,0,0,0,0,0,0,0,0,0,1,0,0,0,0,0,0,0.2141249485977939,rbf,4,scale,0.3917144605758936,False,0.0066135117455707,0
analcatdata_marketing_986,0,0.6575342465753424,0.0053584575653076,0.0012884140014648,0,1,1,0,0,0,1,0,0,0,0,0,0,0,0,0,0,0,0,0,0,0,0,0,1,0,0.4094864626968418,poly,4,0.04533176966888732,0.0265397441968672,True,0.0011245287719376,0
analcatdata_marketing_986,0,0.6575342465753424,0.0029718875885009,0.0007143020629882,0,1,0,1,0,0,0,0,0,0,1,0,0,0,0,0,0,0,0,0,0,0,0,1,0,0,0.1688962002478387,poly,4,scale,0.0618388195962267,True,0.0004267842736021,0
analcatdata_marketing_986,0,0.6575342465753424,0.005103588104248,0.0011961460113525,0,1,0,1,0,0,1,0,0,0,0,0,0,0,0,0,0,0,0,0,1,0,0,0,0,0,5.450570671898816,rbf,3,0.02663997601266648,0.2463003929961561,False,0.0072521212328324,0
analcatdata_marketing_986,0,0.6575342465753424,0.0053386688232421,0.0012247562408447,0,1,0,0,1,0,1,0,0,0,0,0,0,0,0,0,0,0,0,0,0,0,0,0,1,0,0.2910496008471746,sigmoid,3,scale,0.3420240535128439,True,0.0003210636932236,0
analcatdata_marketing_986,0,0.6575342465753424,0.0052218437194824,0.0012760162353515,0,1,0,1,0,0,1,0,0,0,0,0,0,0,0,0,0,0,0,0,0,0,0,0,1,0,9.718916703506498,poly,3,0.30604794763069987,-0.286741825244933,True,0.0006272993005821,0
analcatdata_marketing_986,0,0.6575342465753424,0.0030927658081054,0.0007460117340087,0,1,1,0,0,0,0,0,0,0,1,0,0,0,0,0,0,0,0,0,0,0,0,1,0,0,0.3952457837956531,sigmoid,3,scale,-0.1965690801534461,False,0.0001105949907005,0
analcatdata_marketing_986,0,0.6575342465753424,0.0058648586273193,0.0014898777008056,0,1,0,0,1,0,1,0,0,0,0,0,0,0,0,0,0,0,0,0,0,0,0,0,0,1,0.7837935997516794,rbf,2,scale,-0.4035789658247472,False,0.0004732482807793,0
analcatdata_marketing_986,0,0.6575342465753424,0.0054323673248291,0.0012881755828857,0,1,0,0,1,0,1,0,0,0,0,0,0,0,0,0,0,0,0,1,0,0,0,0,0,0,6.192251053873056,rbf,3,scale,-0.3303469955553544,True,0.0001829554989223,0
analcatdata_marketing_986,0,0.6575342465753424,0.0036499500274658,0.0009889602661132,0,1,0,0,1,0,0,0,0,0,1,0,0,0,0,0,0,0,0,0,0,0,0,1,0,0,1.7395494710938506,linear,2,0.6819070621246419,0.1660782123516465,True,0.0001658350117057,0
analcatdata_marketing_986,0,0.6575342465753424,0.0050544738769531,0.0012364387512207,0,1,1,0,0,0,1,0,0,0,0,0,0,0,0,0,0,0,0,0,1,0,0,0,0,0,5.987275240350312,rbf,2,scale,0.3211322425274113,False,0.0020053904137565,0
analcatdata_marketing_986,0,0.6575342465753424,0.0051171779632568,0.0011737346649169,0,1,0,0,1,0,1,0,0,0,0,0,0,0,0,0,0,0,0,0,1,0,0,0,0,0,1.7782888936282912,linear,3,auto,0.4007920189672828,True,0.0007781319685934,0
analcatdata_marketing_986,0,0.6575342465753424,0.0060672760009765,0.0015475749969482,0,1,0,1,0,0,1,0,0,0,0,0,0,0,0,0,0,0,0,0,0,0,0,0,0,1,0.3908969268047128,rbf,2,auto,0.261300415634333,False,0.001392736065382,0
analcatdata_marketing_986,0,0.6575342465753424,0.0059196949005126,0.0014903545379638,0,1,1,0,0,0,1,0,0,0,0,0,0,0,0,0,0,0,0,0,0,0,0,0,0,1,0.6314474907095258,sigmoid,3,auto,0.2984302916189842,True,0.0003599989579771,0
analcatdata_marketing_986,0,0.6438356164383562,0.0118863582611083,0.0051684379577636,0,1,0,1,0,0,0,0,0,0,0,0,0,0,1,0,0,0,0,0,0,0,0,0,0,1,0.7311897932430663,rbf,2,scale,0.4433233503053932,True,0.0002074126129051,0
analcatdata_marketing_986,0,0.6438356164383562,0.0075414180755615,0.0023894309997558,0,1,0,1,0,0,0,0,0,0,0,0,1,0,0,0,0,0,0,0,0,0,0,0,0,1,0.2549656426727151,sigmoid,3,scale,0.8783332195080031,True,0.001106885002607,0
badges2_1121,4,1.0,0.0023195743560791,0.0004210472106933,1,0,1,0,0,0,0,0,0,0,0,0,0,1,0,0,0,0,0,0,1,0,0,0,0,0,0.4979249085065905,sigmoid,3,auto,0.0829426556970876,False,0.0006978757528244,0
badges2_1121,4,1.0,0.0019900798797607,0.0003700256347656,0,1,0,0,1,0,0,0,0,1,0,0,0,0,0,0,0,0,0,0,0,0,0,1,0,0,8.601223698268992,sigmoid,3,scale,0.1551797187751729,False,0.0040988981715697,0
badges2_1121,3,1.0,0.0019874572753906,0.0003218650817871,0,1,0,0,1,0,0,0,0,1,0,0,0,0,0,0,0,0,0,0,0,0,0,1,0,0,0.1587082450419487,sigmoid,2,auto,-0.2615554929513601,True,0.0013014880370765,0
badges2_1121,3,1.0,0.0011065006256103,0.0001482963562011,0,1,0,0,1,0,0,0,0,0,0,0,0,0,0,0,0,1,0,0,0,0,0,1,0,0,5.340774701181576,sigmoid,2,scale,-0.4929701239301404,True,0.0008240080658596,0
badges2_1121,4,1.0,0.0010809898376464,0.0001676082611083,0,1,0,0,1,0,0,0,0,0,0,0,0,0,0,0,0,1,0,0,0,0,0,1,0,0,3.277360185421855,rbf,4,scale,0.0723340966844318,True,0.0005820430025078,0
badges2_1121,0,1.0,0.0015923976898193,0.0002851486206054,0,1,0,0,1,0,0,0,0,0,0,0,0,0,1,0,0,0,0,0,0,0,0,1,0,0,6.931274562569563,sigmoid,3,scale,0.4206461994342982,True,0.0020253837911372,0
badges2_1121,1,1.0,0.0016205310821533,0.0003077983856201,0,1,0,0,1,0,0,0,0,0,0,0,0,0,1,0,0,0,0,0,0,0,0,1,0,0,4.038565452995386,rbf,3,scale,-0.0503292793751236,True,0.0004233109748638,0
badges2_1121,2,1.0,0.0016303062438964,0.0002913475036621,0,1,0,0,1,0,0,0,0,0,0,0,0,0,1,0,0,0,0,0,0,0,0,1,0,0,6.35043759140856,rbf,3,scale,0.4061001291756262,False,0.0001531244030895,0
badges2_1121,3,1.0,0.0015745162963867,0.0002851486206054,0,1,0,0,1,0,0,0,0,0,0,0,0,0,1,0,0,0,0,0,0,0,0,1,0,0,0.150440201752275,poly,3,0.014109339161807767,0.3423606885197746,False,0.0022310326565805,0
badges2_1121,4,1.0,0.0015976428985595,0.0002763271331787,0,1,0,0,1,0,0,0,0,0,0,0,0,0,1,0,0,0,0,0,0,0,0,1,0,0,0.641204950524884,linear,3,scale,-0.1006313298742295,False,0.0002842153818781,0
badges2_1121,0,1.0,0.0024893283843994,0.0005261898040771,0,1,0,0,1,0,0,0,0,0,0,0,1,0,0,0,0,0,0,0,0,0,0,1,0,0,7.203151021280637,sigmoid,2,scale,-0.1813343131308089,False,0.000140991142382,0
badges2_1121,0,1.0,0.0023212432861328,0.000413179397583,1,0,1,0,0,0,0,0,0,0,0,0,0,1,0,0,0,0,0,0,1,0,0,0,0,0,0.2665415552929163,poly,2,auto,0.3703897196237065,False,0.0061066909122627,0
badges2_1121,0,1.0,0.0018134117126464,0.0002753734588623,1,0,1,0,0,0,1,0,0,0,0,0,0,0,0,0,0,0,0,0,1,0,0,0,0,0,0.2557840132851424,rbf,2,scale,0.0252011446913089,True,0.0006500577512333,0
badges2_1121,4,1.0,0.0010921955108642,0.0001792907714843,1,0,1,0,0,0,0,0,0,0,0,0,0,0,0,0,0,1,0,0,1,0,0,0,0,0,8.427996090728024,rbf,2,auto,0.2514055011124844,True,0.0004595750163553,0
badges2_1121,3,1.0,0.0011107921600341,0.0001585483551025,1,0,1,0,0,0,0,0,0,0,0,0,0,0,0,0,0,1,0,0,1,0,0,0,0,0,0.4692915059544477,rbf,2,auto,-0.2049274624960355,True,0.0007390880282311,0
badges2_1121,0,1.0,0.0010011196136474,0.0001459121704101,0,1,0,0,1,0,0,0,0,0,0,0,0,0,0,0,0,1,0,0,0,0,0,1,0,0,0.4529826553573491,poly,4,scale,0.7659786717251968,True,0.000404649484421,0
badges2_1121,2,1.0,0.0016086101531982,0.0002903938293457,0,1,0,1,0,0,0,0,0,0,0,0,0,0,1,0,0,0,0,0,0,0,0,1,0,0,1.6911893130663402,poly,2,scale,0.0388992351738955,True,0.0002393937770319,0
badges2_1121,3,1.0,0.0015645027160644,0.0002739429473876,0,1,0,1,0,0,0,0,0,0,0,0,0,0,1,0,0,0,0,0,0,0,0,1,0,0,1.8406008196452832,rbf,3,scale,0.2218821344422366,False,0.0014955706537785,0
badges2_1121,0,1.0,0.0017292499542236,0.0002589225769042,0,1,0,0,1,0,0,0,0,0,1,0,0,0,0,0,0,0,0,0,0,0,0,1,0,0,6.294390372402315,linear,3,scale,0.4805879653453563,True,0.0002650919115567,0
badges2_1121,1,1.0,0.0013978481292724,0.0002245903015136,0,1,0,0,1,0,0,0,0,0,1,0,0,0,0,0,0,0,0,0,0,0,0,1,0,0,0.117764903182068,rbf,2,auto,-0.1423944400106269,True,0.0010498553462432,0
sensory_826,4,0.7130434782608696,0.0833914279937744,0.0186522006988525,0,1,0,1,0,0,0,0,0,0,0,0,0,0,0,1,0,0,0,0,1,0,0,0,0,0,3.176450435437876,sigmoid,4,scale,0.0552232574643133,True,0.0014299024383889,0
sensory_826,4,0.7130434782608696,0.0820541381835937,0.0187845230102539,1,0,0,1,0,0,0,0,0,0,0,0,0,0,0,1,0,0,0,0,0,0,0,0,1,0,1.0855279116585117,rbf,3,0.4362343316019103,-0.2664119540756625,True,0.0066981540500492,0
sensory_826,4,0.7130434782608696,0.0834548473358154,0.018754243850708,1,0,1,0,0,0,0,0,0,0,0,0,0,0,0,1,0,0,0,1,0,0,0,0,0,0,2.155476259539783,sigmoid,3,0.4970968901510522,-0.1062935795292151,True,0.0002051312563707,0
sensory_826,4,0.7130434782608696,0.0853321552276611,0.0191388130187988,1,0,0,0,1,0,0,0,0,0,0,0,0,0,0,1,0,0,0,0,0,0,0,0,0,1,1.0428368496873872,rbf,3,scale,-0.1260720020079265,True,0.0088428245459364,0
sensory_826,4,0.7130434782608696,0.0818128585815429,0.0193598270416259,0,1,0,0,1,0,0,0,0,0,0,0,0,0,0,1,0,0,0,0,0,0,1,0,0,0,3.558937674536686,linear,3,auto,0.3116804699118199,True,0.0066767618318586,0
sensory_826,4,0.7130434782608696,0.094217300415039,0.0211403369903564,1,0,0,0,1,0,0,0,0,0,0,0,0,0,0,1,0,0,0,0,1,0,0,0,0,0,3.4124705534462065,sigmoid,4,scale,0.1708827723481804,True,0.0007374172769793,0
sensory_826,4,0.7130434782608696,0.0858180522918701,0.0195870399475097,0,1,0,1,0,0,0,0,0,0,0,0,0,0,0,1,0,0,0,0,0,0,1,0,0,0,6.310408954980562,poly,3,0.8954114769106992,-0.1946863896636226,True,0.0070455260021743,0
sensory_826,4,0.7130434782608696,0.0922408103942871,0.0205545425415039,0,1,1,0,0,0,0,0,0,0,0,0,0,0,0,1,0,0,0,0,0,0,0,0,1,0,7.572018329744413,sigmoid,5,scale,-0.3160795706056023,False,0.004798927550169,0
sensory_826,4,0.7130434782608696,0.0851342678070068,0.0193541049957275,0,1,1,0,0,0,0,0,0,0,0,0,0,0,0,1,0,0,0,0,0,0,0,0,0,1,0.2776086269162988,rbf,3,auto,0.4714779732453629,True,0.0004674656878984,0
sensory_826,4,0.7130434782608696,0.0873713493347168,0.0199472904205322,1,0,0,1,0,0,0,0,0,0,0,0,0,0,0,1,0,0,0,0,0,0,1,0,0,0,9.340457540558896,rbf,4,auto,0.2889391411763924,True,0.007349776314334,0
sensory_826,4,0.7130434782608696,0.0885241031646728,0.0207400321960449,0,1,0,0,1,0,0,0,0,0,0,0,0,0,0,1,0,0,0,0,0,0,0,0,0,1,1.517735507650854,rbf,3,scale,0.2185832047351744,False,0.0001301652754709,0
sensory_826,4,0.7130434782608696,0.0902163982391357,0.0202565193176269,0,1,0,0,1,0,0,0,0,0,0,0,0,0,0,1,0,0,0,0,0,0,0,0,1,0,2.549564972399437,rbf,3,scale,-0.1044335082420739,True,0.0002127604826653,0
sensory_826,4,0.7130434782608696,0.089754581451416,0.0201625823974609,1,0,1,0,0,0,0,0,0,0,0,0,0,0,0,1,0,0,0,0,0,0,0,0,1,0,2.164499494209457,rbf,3,scale,0.2137431023621392,False,0.0015231091599929,0
sensory_826,4,0.7130434782608696,0.0827658176422119,0.018897533416748,0,1,0,0,1,0,0,0,0,0,0,0,0,0,0,1,0,0,0,1,0,0,0,0,0,0,5.280627319702425,rbf,2,scale,0.1288306880019762,True,0.0001036816564099,0
sensory_826,4,0.7130434782608696,0.0850846767425537,0.019458532333374,0,1,1,0,0,0,0,0,0,0,0,0,0,0,0,1,0,0,0,1,0,0,0,0,0,0,2.1818151661924534,linear,3,scale,-0.366259543621054,False,0.0032438460028829,0
sensory_826,4,0.7130434782608696,0.0818333625793457,0.0187554359436035,1,0,0,1,0,0,0,0,0,0,0,0,0,0,0,1,0,0,0,1,0,0,0,0,0,0,4.35465633076275,rbf,3,0.7571093738266642,-0.182916034299421,True,0.0019567775515628,0
sensory_826,4,0.7130434782608696,0.0886766910552978,0.0200321674346923,1,0,1,0,0,0,0,0,0,0,0,0,0,0,0,1,0,0,0,0,1,0,0,0,0,0,0.5316505570364688,rbf,4,scale,0.0598675868040847,False,0.0065545421200941,0
sensory_826,4,0.7130434782608696,0.0833542346954345,0.0190224647521972,0,1,0,1,0,0,0,0,0,0,0,0,0,0,0,1,0,0,0,0,0,0,0,0,0,1,5.515969940922393,rbf,4,auto,-0.2001062345775803,True,0.001211549124254,0
sensory_826,4,0.7130434782608696,0.0907933712005615,0.0205090045928955,1,0,1,0,0,0,0,0,0,0,0,0,0,0,0,1,0,0,0,0,0,0,0,0,0,1,1.090794436978158,sigmoid,2,auto,0.0456053304906147,False,0.0042506774153753,0
sensory_826,4,0.7130434782608696,0.0822706222534179,0.0188150405883789,1,0,0,1,0,0,0,0,0,0,0,0,0,0,0,1,0,0,0,0,0,0,0,0,0,1,0.3343225292364834,sigmoid,4,auto,-0.0449352761260955,True,0.0001051997172905,0
balance-scale_11,2,0.96,0.0042428970336914,0.0009047985076904,1,0,0,0,1,0,0,0,0,0,0,0,0,1,0,0,0,0,0,0,0,0,0,1,0,0,3.0041820915731474,poly,5,scale,-0.0596753164529264,True,0.0006179962801426,0
balance-scale_11,2,0.96,0.0071401596069335,0.0014238357543945,0,1,0,1,0,0,0,0,0,1,0,0,0,0,0,0,0,0,0,0,0,0,0,1,0,0,0.2134994394381188,poly,3,scale,-0.0918527777181983,False,0.0004294680453809,0
balance-scale_11,2,0.96,0.0041108131408691,0.0008807182312011,0,1,0,1,0,0,0,0,0,0,0,0,0,1,0,0,0,0,0,0,0,0,0,1,0,0,8.475571926726062,poly,2,scale,0.3846769170012057,True,0.0001428220583468,0
balance-scale_11,2,0.96,0.0102982521057128,0.0026583671569824,0,1,0,1,0,0,0,0,0,0,0,0,1,0,0,0,0,0,0,0,0,0,0,1,0,0,5.811788594194304,rbf,2,scale,-0.4807637106714609,True,0.0001736558514059,0
balance-scale_11,2,0.96,0.0098018646240234,0.0026674270629882,1,0,1,0,0,0,0,0,0,0,0,0,1,0,0,0,0,0,0,0,0,0,0,1,0,0,0.2447119781590019,poly,3,auto,-0.0991450020963171,True,0.0097721354751474,0
balance-scale_11,2,0.96,0.005784273147583,0.0010852813720703,0,1,0,1,0,0,0,0,0,0,0,1,0,0,0,0,0,0,0,0,0,0,0,1,0,0,0.5959538502347455,poly,2,0.017367701308007338,-0.183266150890679,True,0.0001283137766621,0
balance-scale_11,2,0.96,0.0072784423828125,0.0014307498931884,1,0,1,0,0,0,0,0,0,1,0,0,0,0,0,0,0,0,0,0,0,0,0,1,0,0,0.5873504052043083,poly,3,scale,-0.0057202622668289,False,0.0012169451885287,0
balance-scale_11,2,0.96,0.0070557594299316,0.0012555122375488,0,1,0,0,1,0,0,0,0,0,0,1,0,0,0,0,0,0,0,0,0,0,0,1,0,0,0.1691744299406693,poly,3,0.04315124005712002,0.6589586617681031,True,0.0004024807468881,0
balance-scale_11,2,0.96,0.0049211978912353,0.0010232925415039,0,1,1,0,0,0,0,0,0,0,0,0,0,0,1,0,0,0,0,0,0,0,0,0,1,0,2.4162626500466726,sigmoid,5,0.9426234442752117,-0.1815676989498657,False,0.0084492826829646,0
balance-scale_11,2,0.96,0.0049586296081542,0.0010223388671875,1,0,0,0,1,0,0,0,0,0,0,0,0,0,1,0,0,0,0,0,0,0,0,0,1,0,3.256713934720178,rbf,4,scale,0.016623133345728,True,0.0004578211757907,0
balance-scale_11,2,0.96,0.0040860176086425,0.0008680820465087,1,0,1,0,0,0,0,0,0,0,0,0,0,1,0,0,0,0,0,0,0,0,0,1,0,0,0.4158573684587227,rbf,4,scale,-0.4543941670026791,True,0.0004863014259525,0
balance-scale_11,2,0.96,0.0041096210479736,0.0008928775787353,1,0,1,0,0,0,1,0,0,0,0,0,0,0,0,0,0,0,0,0,0,0,0,1,0,0,1.0769133626976333,rbf,3,auto,-0.1164828357670605,False,0.0012390040736136,0
balance-scale_11,2,0.96,0.0049560070037841,0.0010454654693603,0,1,0,0,1,0,1,0,0,0,0,0,0,0,0,0,0,0,0,0,0,0,0,1,0,0,2.331217693809934,rbf,4,scale,0.092319773000416,False,0.0002085026695997,0
balance-scale_11,2,0.96,0.0058109760284423,0.0010762214660644,1,0,1,0,0,0,0,0,0,0,0,1,0,0,0,0,0,0,0,0,0,0,0,1,0,0,2.884190643998209,linear,2,scale,-0.4682232532611923,False,0.0064449972099764,0
balance-scale_11,2,0.96,0.0100018978118896,0.0026352405548095,1,0,0,0,1,0,0,0,0,0,0,0,1,0,0,0,0,0,0,0,0,0,0,1,0,0,8.078646268395977,linear,3,auto,0.4314031475432394,False,0.0030106038657581,0
balance-scale_11,2,0.96,0.0043461322784423,0.0008563995361328,1,0,0,0,1,0,1,0,0,0,0,0,0,0,0,0,0,0,0,0,0,0,0,1,0,0,2.445499514119595,sigmoid,4,scale,-0.2469825009803965,False,0.0058462765139329,0
balance-scale_11,2,0.96,0.0059642791748046,0.0010995864868164,1,0,0,0,1,0,0,0,0,0,0,1,0,0,0,0,0,0,0,0,0,0,0,1,0,0,2.0176307929997157,rbf,3,scale,0.1675825802058121,False,0.0093429689560422,0
balance-scale_11,2,0.96,0.0174641609191894,0.0233826637268066,0,1,0,0,1,0,0,0,0,0,0,0,1,0,0,0,0,0,0,0,0,0,0,1,0,0,1.295834158838514,rbf,4,scale,-0.1431119458114077,True,0.0091600650706399,0
balance-scale_11,2,0.96,0.0078895092010498,0.0015738010406494,0,1,0,0,1,0,0,0,0,1,0,0,0,0,0,0,0,0,0,0,0,0,0,1,0,0,0.3258094607788274,rbf,4,scale,0.1077269277928973,True,0.000703739898263,0
balance-scale_11,2,0.96,0.0068621635437011,0.0013177394866943,1,0,0,0,1,0,0,0,0,1,0,0,0,0,0,0,0,0,0,0,0,0,0,1,0,0,1.973619486442012,rbf,4,0.020145320007048294,-0.1881549022469758,False,0.0061688168732062,0
breastTumor_844,4,0.7543859649122807,0.0054507255554199,0.0023896694183349,1,0,0,1,0,0,0,0,0,0,0,0,0,0,1,0,0,0,0,0,0,0,0,0,0,1,2.337341884373093,poly,2,scale,0.3532418825622615,False,0.0014450436311559,0
breastTumor_844,4,0.7543859649122807,0.0027194023132324,0.0006122589111328,1,0,0,1,0,0,1,0,0,0,0,0,0,0,0,0,0,0,0,1,0,0,0,0,0,0,1.72078822822555,rbf,4,auto,0.5816290764271088,False,0.0089435985136797,0
breastTumor_844,4,0.7543859649122807,0.0053958892822265,0.0024671554565429,0,1,0,1,0,0,0,0,0,0,0,0,0,0,1,0,0,0,0,0,0,0,0,0,0,1,9.403710331832276,poly,4,scale,-0.300908316346778,True,0.000913775990612,0
breastTumor_844,4,0.7543859649122807,0.0024900436401367,0.0005903244018554,0,1,0,0,1,0,0,0,0,0,0,0,0,1,0,0,0,0,0,0,0,1,0,0,0,0,0.2026101553364239,rbf,3,auto,-0.5342993935736836,True,0.0009781237768063,0
breastTumor_844,4,0.7543859649122807,0.0038349628448486,0.00087571144104,0,1,0,0,1,0,0,0,0,1,0,0,0,0,0,0,0,0,0,0,0,1,0,0,0,0,3.844088722202169,rbf,4,auto,0.2261209885073871,True,0.0026350563058197,0
breastTumor_844,4,0.7543859649122807,0.0065753459930419,0.0016114711761474,0,1,0,0,1,0,0,0,0,0,0,0,1,0,0,0,0,0,0,0,0,1,0,0,0,0,1.1673240052576008,rbf,3,auto,0.1655492521023369,False,0.0001377080193182,0
breastTumor_844,4,0.7368421052631579,0.0022754669189453,0.0005769729614257,1,0,0,1,0,0,0,0,0,0,1,0,0,0,0,0,0,0,0,0,0,1,0,0,0,0,5.399737369285383,rbf,2,auto,0.0048546958408771,True,0.0001601888485101,0
breastTumor_844,4,0.7368421052631579,0.0039069652557373,0.0009524822235107,0,1,0,0,1,0,0,0,0,1,0,0,0,0,0,0,0,0,0,0,0,0,0,1,0,0,0.3552693286561241,rbf,4,0.10884617627095595,-0.1702502114386846,True,0.0015614216887808,0
breastTumor_844,4,0.7368421052631579,0.0024783611297607,0.0005793571472167,0,1,0,0,1,0,0,0,0,0,0,0,0,1,0,0,0,0,0,0,0,0,0,1,0,0,1.090464875886752,rbf,4,auto,-0.3044946695104951,False,0.0023943787877102,0
breastTumor_844,4,0.7368421052631579,0.0021672248840332,0.0005066394805908,0,1,0,0,1,0,0,0,0,0,0,0,0,0,0,0,0,0,1,0,0,0,0,1,0,0,4.658140582824967,rbf,2,auto,0.7451789212028328,True,0.0020010884441516,0
breastTumor_844,4,0.7368421052631579,0.0049083232879638,0.0016772747039794,1,0,0,1,0,0,0,0,0,0,0,0,1,0,0,0,0,0,0,0,0,1,0,0,0,0,0.1091746103681732,poly,2,0.014028387682406074,0.0349614824861298,True,0.0029273887258991,0
breastTumor_844,4,0.7368421052631579,0.0078339576721191,0.0015449523925781,0,1,0,1,0,0,0,0,0,0,0,0,1,0,0,0,0,0,0,0,0,1,0,0,0,0,7.595976051941367,rbf,2,auto,-0.2556309447566147,True,0.0006963509772519,0
breastTumor_844,4,0.7368421052631579,0.0025808811187744,0.0006186962127685,0,1,0,1,0,0,0,0,0,0,0,0,0,1,0,0,0,0,0,0,0,1,0,0,0,0,0.1323901524945331,rbf,4,scale,-0.3402147784969441,False,0.0002852660722397,0
breastTumor_844,4,0.7368421052631579,0.0022754669189453,0.0005319118499755,0,1,0,1,0,0,0,0,0,0,0,0,0,0,0,0,0,0,1,0,0,0,0,0,1,0,0.3215468176964671,sigmoid,2,auto,-0.185686199470714,False,0.0008532324897271,0
breastTumor_844,4,0.7368421052631579,0.0025122165679931,0.0006067752838134,0,1,0,1,0,0,0,0,0,0,1,0,0,0,0,0,0,0,0,0,0,1,0,0,0,0,3.5783675128681245,rbf,3,auto,-0.1931730430956222,False,0.0001532202385354,0
breastTumor_844,4,0.7368421052631579,0.0045468807220458,0.0010087490081787,0,1,0,1,0,0,0,0,0,1,0,0,0,0,0,0,0,0,0,0,0,1,0,0,0,0,0.1006969080265016,sigmoid,4,scale,0.4176353315916405,True,0.0015110555844919,0
breastTumor_844,4,0.7368421052631579,0.0028469562530517,0.0006971359252929,0,1,0,1,0,0,1,0,0,0,0,0,0,0,0,0,0,0,0,0,0,0,1,0,0,0,1.0845069803138536,poly,2,0.06366698502677813,0.1058978939141455,True,0.0007432195551098,0
breastTumor_844,4,0.7368421052631579,0.0022280216217041,0.0005154609680175,1,0,0,1,0,0,0,0,0,0,0,0,0,0,0,0,0,0,1,0,0,0,0,0,1,0,0.3184257257459914,linear,4,scale,0.1027120859566321,True,0.0001847092822701,0
breastTumor_844,4,0.7368421052631579,0.0028820037841796,0.0006623268127441,1,0,0,1,0,0,0,0,0,0,0,0,0,1,0,0,0,0,0,0,0,1,0,0,0,0,2.3260895893640496,linear,4,scale,0.3180933887751635,True,0.0095028688735628,0
breastTumor_844,4,0.7368421052631579,0.0025227069854736,0.0006036758422851,0,1,0,0,1,0,0,0,0,0,0,1,0,0,0,0,0,0,0,0,0,0,0,0,1,0,0.2976054934355235,sigmoid,4,scale,-0.1360926336852089,True,0.0067138927648118,0
arsenic-male-lung_951,4,1.0,0.0021572113037109,0.0003309249877929,0,1,0,0,1,0,0,0,0,1,0,0,0,0,0,0,0,0,0,0,0,0,0,1,0,0,0.1642431610769867,poly,3,scale,-0.2240270086045325,False,0.0073561475973289,0
arsenic-male-lung_951,0,1.0,0.0023460388183593,0.0009016990661621,1,0,1,0,0,0,0,0,0,0,0,1,0,0,0,0,0,0,0,0,1,0,0,0,0,0,0.1550999349054351,rbf,3,scale,0.0032312595789768,False,0.0006725465290211,0
arsenic-male-lung_951,1,1.0,0.0021965503692626,0.000910997390747,1,0,1,0,0,0,0,0,0,0,0,1,0,0,0,0,0,0,0,0,1,0,0,0,0,0,5.065138231308007,rbf,4,0.7109769202137944,-0.4590677372296255,False,0.0012399157138418,0
arsenic-male-lung_951,2,1.0,0.0021123886108398,0.00093674659729,1,0,1,0,0,0,0,0,0,0,0,1,0,0,0,0,0,0,0,0,1,0,0,0,0,0,2.083048963753318,linear,3,0.04417933040239372,1.0,True,0.0045699750438338,0
arsenic-male-lung_951,3,1.0,0.0021545886993408,0.0003201961517333,0,1,0,0,1,0,0,0,0,1,0,0,0,0,0,0,0,0,0,0,0,0,0,1,0,0,0.5208790350089633,sigmoid,2,scale,0.2760278096622128,False,0.0010433679950651,0
arsenic-male-lung_951,4,1.0,0.0021314620971679,0.0009248256683349,1,0,1,0,0,0,0,0,0,0,0,1,0,0,0,0,0,0,0,0,1,0,0,0,0,0,0.2815025492184204,poly,3,scale,0.780564027477273,True,0.0007566639307321,0
arsenic-male-lung_951,0,1.0,0.0013062953948974,0.0001943111419677,1,0,1,0,0,0,0,0,0,0,0,0,0,1,0,0,0,0,0,0,1,0,0,0,0,0,1.0410922275404797,rbf,3,scale,0.1777236590760267,False,0.0018682597047094,0
arsenic-male-lung_951,1,1.0,0.0013999938964843,0.0002179145812988,1,0,1,0,0,0,0,0,0,0,0,0,0,1,0,0,0,0,0,0,1,0,0,0,0,0,7.906658326756909,rbf,3,scale,-0.0652515752288544,True,0.0002261550830624,0
arsenic-male-lung_951,2,1.0,0.0014848709106445,0.0002117156982421,1,0,1,0,0,0,0,0,0,0,0,0,0,1,0,0,0,0,0,0,1,0,0,0,0,0,4.500011119782693,sigmoid,3,scale,-0.1986722285064398,True,0.0001266801640454,0
arsenic-male-lung_951,2,1.0,0.002209186553955,0.000370979309082,0,1,0,0,1,0,0,0,0,1,0,0,0,0,0,0,0,0,0,0,0,0,0,1,0,0,1.123690539929629,sigmoid,4,scale,-0.4451917861451316,False,0.0058073395100606,0
arsenic-male-lung_951,4,1.0,0.0013606548309326,0.0002102851867675,1,0,1,0,0,0,0,0,0,0,0,0,0,1,0,0,0,0,0,0,1,0,0,0,0,0,0.5368948196646859,rbf,2,scale,-0.4101266812089207,True,0.0005219297912774,0
arsenic-male-lung_951,1,1.0,0.0022587776184082,0.0003268718719482,0,1,0,0,1,0,0,0,0,1,0,0,0,0,0,0,0,0,0,0,0,0,0,1,0,0,7.218982253254285,rbf,3,0.1851922393786326,0.08573336868454,True,0.0001107520261147,0
arsenic-male-lung_951,1,1.0,0.0017817020416259,0.0002684593200683,1,0,1,0,0,0,1,0,0,0,0,0,0,0,0,0,0,0,0,0,1,0,0,0,0,0,0.4662070502820575,rbf,5,0.013025237293335282,0.3415348836200206,True,0.0015296237498318,0
arsenic-male-lung_951,2,1.0,0.0016438961029052,0.0002565383911132,1,0,1,0,0,0,1,0,0,0,0,0,0,0,0,0,0,0,0,0,1,0,0,0,0,0,0.1803715268420417,rbf,3,scale,-0.5317908232785219,True,0.0001308176299161,0
arsenic-male-lung_951,3,1.0,0.0013666152954101,0.0002398490905761,0,1,0,0,1,0,0,0,0,0,1,0,0,0,0,0,0,0,0,0,0,0,0,1,0,0,2.6649208440073955,linear,2,scale,-0.0814180696580638,True,0.00181260402294,0
arsenic-male-lung_951,2,1.0,0.0015733242034912,0.0002591609954833,0,1,0,0,1,0,0,0,0,0,1,0,0,0,0,0,0,0,0,0,0,0,0,1,0,0,1.9089890733689088,linear,3,auto,0.1365774708189772,False,0.0014967592819248,0
arsenic-male-lung_951,0,1.0,0.0013415813446044,0.0001966953277587,1,0,1,0,0,0,0,0,0,0,0,0,0,0,0,0,0,0,1,0,1,0,0,0,0,0,0.4449785410890148,poly,2,0.8978584727370111,-0.4442800374217902,False,0.0004108492975221,0
arsenic-male-lung_951,1,1.0,0.0014548301696777,0.000227928161621,1,0,1,0,0,0,0,0,0,0,0,0,0,0,0,0,0,0,1,0,1,0,0,0,0,0,0.305347364519148,poly,3,0.07208524015662353,-0.053775533643879,False,0.0001288428736803,0
arsenic-male-lung_951,2,1.0,0.0014078617095947,0.000258445739746,1,0,1,0,0,0,0,0,0,0,0,0,0,0,0,0,0,0,1,0,1,0,0,0,0,0,1.021635563104394,rbf,2,0.5976339085407331,-0.6976485981228305,False,0.0005620008722428,0
arsenic-male-lung_951,1,1.0,0.0014095306396484,0.0002434253692626,0,1,0,0,1,0,0,0,0,0,1,0,0,0,0,0,0,0,0,0,0,0,0,1,0,0,1.0587318008580462,sigmoid,2,auto,-0.0422518048003148,True,0.000139371142278,0
rmftsa_ladata_717,3,0.9603960396039604,0.0038807392120361,0.0010061264038085,1,0,1,0,0,0,1,0,0,0,0,0,0,0,0,0,0,0,0,0,0,0,0,0,0,1,2.7004842480707603,poly,4,scale,0.0497354259227752,False,0.000698733687997,0
rmftsa_ladata_717,3,0.9603960396039604,0.0038583278656005,0.0010056495666503,1,0,0,1,0,0,1,0,0,0,0,0,0,0,0,0,0,0,0,0,0,0,0,0,1,0,0.5497595399425245,poly,2,scale,0.204947313899772,True,0.0095410286920934,0
rmftsa_ladata_717,3,0.9603960396039604,0.0038719177246093,0.0010321140289306,0,1,0,1,0,0,1,0,0,0,0,0,0,0,0,0,0,0,0,0,0,0,0,0,0,1,0.3963797892319716,poly,3,auto,-0.8232605959434923,False,0.0003707567552046,0
rmftsa_ladata_717,3,0.9603960396039604,0.003840684890747,0.001025915145874,1,0,1,0,0,0,1,0,0,0,0,0,0,0,0,0,0,0,0,1,0,0,0,0,0,0,0.2822524306771506,rbf,4,auto,0.3030118738941106,False,0.0005924424823842,0
rmftsa_ladata_717,3,0.9603960396039604,0.0038621425628662,0.0010089874267578,0,1,0,1,0,0,1,0,0,0,0,0,0,0,0,0,0,0,0,0,1,0,0,0,0,0,1.6128188607505929,linear,3,scale,0.0111390609225476,False,0.0008134798073759,0
rmftsa_ladata_717,3,0.9603960396039604,0.0038626194000244,0.0011045932769775,0,1,0,1,0,0,1,0,0,0,0,0,0,0,0,0,0,0,0,1,0,0,0,0,0,0,0.3988711614840985,sigmoid,3,scale,-0.2470818018869843,True,0.0001440053180419,0
rmftsa_ladata_717,3,0.9603960396039604,0.0038385391235351,0.0010690689086914,1,0,0,1,0,0,1,0,0,0,0,0,0,0,0,0,0,0,0,1,0,0,0,0,0,0,0.2345422780247402,sigmoid,2,auto,-0.1661885389640109,True,0.0006505928420477,0
rmftsa_ladata_717,3,0.9603960396039604,0.0038645267486572,0.0010054111480712,1,0,0,0,1,0,1,0,0,0,0,0,0,0,0,0,0,0,0,0,0,0,0,0,1,0,9.928590402887918,poly,3,scale,-0.3013973904467744,True,0.0031040530524094,0
rmftsa_ladata_717,3,0.9603960396039604,0.0039103031158447,0.0010180473327636,0,1,0,0,1,0,1,0,0,0,0,0,0,0,0,0,0,0,0,0,0,0,0,0,1,0,0.1921120245181057,poly,2,auto,0.1413495381003603,False,0.0004342926699001,0
rmftsa_ladata_717,3,0.9603960396039604,0.0039002895355224,0.0010154247283935,1,0,1,0,0,0,1,0,0,0,0,0,0,0,0,0,0,0,0,0,0,0,0,0,1,0,8.841045693364837,rbf,4,scale,-0.0339860524056615,True,0.0010282937171323,0
rmftsa_ladata_717,3,0.9603960396039604,0.0053474903106689,0.001331090927124,0,1,1,0,0,0,1,0,0,0,0,0,0,0,0,0,0,0,0,1,0,0,0,0,0,0,0.959863439506208,linear,4,scale,0.2382495513014287,False,0.0003010646621244,0
rmftsa_ladata_717,3,0.9603960396039604,0.0039105415344238,0.0010113716125488,0,1,0,0,1,0,1,0,0,0,0,0,0,0,0,0,0,0,0,0,1,0,0,0,0,0,0.3341675906428192,rbf,2,scale,-0.2227447156842535,True,0.0098453033150411,0
rmftsa_ladata_717,3,0.9603960396039604,0.0038726329803466,0.0010089874267578,1,0,0,0,1,0,1,0,0,0,0,0,0,0,0,0,0,0,0,0,0,0,0,0,0,1,0.9987710409069492,linear,2,auto,-0.0258274077426937,True,0.0009119544245027,0
rmftsa_ladata_717,3,0.9603960396039604,0.0038402080535888,0.0010209083557128,0,1,0,0,1,0,1,0,0,0,0,0,0,0,0,0,0,0,0,0,0,0,0,0,0,1,5.321747949233677,rbf,5,scale,0.1933285315741541,True,0.0009218600527622,0
rmftsa_ladata_717,3,0.9603960396039604,0.0038650035858154,0.0010173320770263,0,1,1,0,0,0,1,0,0,0,0,0,0,0,0,0,0,0,0,0,1,0,0,0,0,0,7.009465036382024,sigmoid,2,auto,0.1022052428976288,False,0.0011161456419762,0
rmftsa_ladata_717,3,0.9603960396039604,0.0040714740753173,0.0011463165283203,0,1,1,0,0,0,1,0,0,0,0,0,0,0,0,0,0,0,0,0,0,0,0,0,0,1,1.2728378748438112,linear,4,scale,-0.7361957897083624,True,0.002308828477816,0
rmftsa_ladata_717,3,0.9603960396039604,0.0039143562316894,0.0010237693786621,1,0,0,1,0,0,1,0,0,0,0,0,0,0,0,0,0,0,0,0,1,0,0,0,0,0,5.568126174013101,poly,3,auto,0.218336168097379,True,0.0078559545957164,0
rmftsa_ladata_717,3,0.9603960396039604,0.0040409564971923,0.0010199546813964,0,1,1,0,0,0,1,0,0,0,0,0,0,0,0,0,0,0,0,0,0,0,0,0,1,0,1.890058899709948,rbf,4,scale,-0.2299660321140544,True,0.0001136387244162,0
rmftsa_ladata_717,3,0.9603960396039604,0.0038683414459228,0.0010087490081787,1,0,0,0,1,0,1,0,0,0,0,0,0,0,0,0,0,0,0,0,1,0,0,0,0,0,0.422289113326376,rbf,3,auto,0.2037819256069758,True,0.0003023800995252,0
rmftsa_ladata_717,3,0.9603960396039604,0.0039424896240234,0.0010015964508056,0,1,0,1,0,0,1,0,0,0,0,0,0,0,0,0,0,0,0,0,0,0,0,0,1,0,6.873529843226839,rbf,2,scale,-0.102413534493349,False,0.0096920289737759,0
analcatdata_lawsuit_450,4,1.0,0.001549482345581,0.000253677368164,1,0,0,1,0,0,0,0,0,1,0,0,0,0,0,0,0,0,0,0,1,0,0,0,0,0,1.378257999662388,rbf,5,scale,0.5457677632490673,True,0.0004591159898594,0
analcatdata_lawsuit_450,4,1.0,0.0010793209075927,0.0001945495605468,1,0,0,1,0,0,0,0,0,0,0,0,0,0,0,0,0,0,1,0,1,0,0,0,0,0,0.1026811723766814,rbf,3,auto,0.2245612662676887,False,0.0002529969676203,0
analcatdata_lawsuit_450,2,1.0,0.0011558532714843,0.000187873840332,1,0,0,1,0,0,0,0,0,0,0,0,0,0,0,0,0,0,1,0,1,0,0,0,0,0,0.2965772209197995,poly,3,scale,-0.4478784002753144,True,0.0034448509739024,0
analcatdata_lawsuit_450,2,1.0,0.001112937927246,0.0001845359802246,1,0,0,1,0,0,0,1,0,0,0,0,0,0,0,0,0,0,0,0,1,0,0,0,0,0,0.2055094339445743,rbf,4,scale,0.0512363922330462,True,0.0007016958643401,0
analcatdata_lawsuit_450,2,1.0,0.0016162395477294,0.0002665519714355,1,0,0,1,0,0,0,0,0,1,0,0,0,0,0,0,0,0,0,0,1,0,0,0,0,0,0.72215979499749,rbf,3,scale,0.562677968560953,True,0.0055971193391478,0
analcatdata_lawsuit_450,1,1.0,0.0016267299652099,0.0002579689025878,1,0,0,1,0,0,0,0,0,1,0,0,0,0,0,0,0,0,0,0,1,0,0,0,0,0,1.4916696213426612,sigmoid,2,0.03398360669246743,-0.2593681529961047,True,0.004218571793984,0
analcatdata_lawsuit_450,1,1.0,0.0109596252441406,0.0024247169494628,1,0,0,0,1,0,0,0,0,0,0,0,0,0,0,1,0,0,0,0,0,0,0,1,0,0,0.1483273118841465,sigmoid,4,auto,0.1233205572836894,False,0.0018001314307843,0
analcatdata_lawsuit_450,1,1.0,0.0012497901916503,0.0001966953277587,1,0,0,0,1,0,0,0,0,0,1,0,0,0,0,0,0,0,0,0,0,0,0,1,0,0,6.965081096910582,linear,3,scale,-0.0706965498552303,True,0.0030988647617627,0
analcatdata_lawsuit_450,4,1.0,0.0012102127075195,0.0001990795135498,1,0,0,0,1,1,0,0,0,0,0,0,0,0,0,0,0,0,0,0,0,0,0,1,0,0,8.348209671448897,rbf,3,scale,-0.1933031868240628,True,0.0002135904358968,0
analcatdata_lawsuit_450,4,1.0,0.0011258125305175,0.0001885890960693,0,1,1,0,0,0,0,0,0,0,0,0,0,0,0,0,0,0,1,0,1,0,0,0,0,0,0.2080739838114118,poly,5,scale,-0.3438506704604412,False,0.0079447494724309,0
analcatdata_lawsuit_450,2,1.0,0.0011279582977294,0.000187873840332,0,1,1,0,0,0,0,0,0,0,0,0,0,0,0,0,0,0,1,0,1,0,0,0,0,0,0.3033822385953095,rbf,2,scale,-0.275840942524747,False,0.0007012014425946,0
analcatdata_lawsuit_450,1,1.0,0.0020220279693603,0.0004148483276367,1,0,0,0,1,0,0,0,0,0,0,0,1,0,0,0,0,0,0,0,0,0,0,1,0,0,0.8238375549325375,rbf,4,auto,0.4712613393875269,False,0.0011368846434948,0
analcatdata_lawsuit_450,4,1.0,0.0013003349304199,0.0001983642578125,0,1,1,0,0,0,0,0,0,0,0,0,0,1,0,0,0,0,0,0,1,0,0,0,0,0,0.7004640321762434,sigmoid,3,auto,-0.2226851735970904,True,0.0001090044576996,0
analcatdata_lawsuit_450,2,1.0,0.0012502670288085,0.0001988410949707,0,1,1,0,0,0,0,0,0,0,0,0,0,1,0,0,0,0,0,0,1,0,0,0,0,0,3.73835936360069,rbf,4,auto,-0.0613852259242507,True,0.0004957525747858,0
analcatdata_lawsuit_450,1,1.0,0.0012438297271728,0.0001964569091796,0,1,1,0,0,0,0,0,0,0,0,0,0,1,0,0,0,0,0,0,1,0,0,0,0,0,8.34403139336964,rbf,2,auto,0.2645825559266211,True,0.0013513898643702,0
analcatdata_lawsuit_450,4,1.0,0.0010793209075927,0.000187873840332,0,1,1,0,0,0,0,0,0,0,1,0,0,0,0,0,0,0,0,0,0,0,0,0,1,0,3.085620525382287,poly,3,0.9352176497908846,-0.1848719467984439,True,0.0008705389467593,0
analcatdata_lawsuit_450,2,1.0,0.0021064281463623,0.0009567737579345,0,1,1,0,0,0,0,0,0,0,0,1,0,0,0,0,0,0,0,0,1,0,0,0,0,0,0.2237811849835555,poly,4,auto,-0.1228727337038156,True,0.0022645890550532,0
analcatdata_lawsuit_450,1,1.0,0.0010433197021484,0.0001795291900634,0,1,0,1,0,0,0,0,1,0,0,0,0,0,0,0,0,0,0,0,0,1,0,0,0,0,4.026349186557184,linear,3,scale,-0.1417167801100155,True,0.0002072205526781,0
analcatdata_lawsuit_450,1,1.0,0.0011734962463378,0.000192642211914,1,0,0,1,0,0,0,0,0,0,0,0,0,1,0,0,0,0,0,0,1,0,0,0,0,0,4.961702073738709,sigmoid,3,scale,0.0234823056497639,False,0.0001051597810216,0
analcatdata_lawsuit_450,4,1.0,0.0019593238830566,0.0008394718170166,1,0,0,1,0,0,0,0,0,0,0,1,0,0,0,0,0,0,0,0,1,0,0,0,0,0,2.767289687854353,rbf,2,auto,-0.079839295316038,True,0.002341816072054,0
arsenic-male-bladder_947,2,1.0,0.0028908252716064,0.0003759860992431,0,1,0,0,1,0,0,1,0,0,0,0,0,0,0,0,0,0,0,0,0,0,1,0,0,0,4.638865263539879,poly,2,scale,-0.1282977254560202,False,0.002747743803612,0
arsenic-male-bladder_947,2,1.0,0.031620979309082,0.007451057434082,1,0,1,0,0,0,0,0,0,0,0,0,0,0,0,1,0,0,0,0,1,0,0,0,0,0,0.7300379235585492,sigmoid,4,scale,-0.2748979524987958,True,0.0002022247100982,0
arsenic-male-bladder_947,2,1.0,0.0042989253997802,0.0005302429199218,0,1,0,0,1,0,0,0,0,1,0,0,0,0,0,0,0,0,0,0,0,0,0,1,0,0,0.210902448186761,rbf,2,scale,-0.5957725463163661,True,0.0086962800116641,0
arsenic-male-bladder_947,2,1.0,0.0034856796264648,0.0002901554107666,1,0,1,0,0,0,0,1,0,0,0,0,0,0,0,0,0,0,0,0,1,0,0,0,0,0,7.122943531356789,rbf,3,scale,0.086718128225737,False,0.0001389699862545,0
arsenic-male-bladder_947,2,1.0,0.0035312175750732,0.0004127025604248,0,1,0,0,1,0,0,0,1,0,0,0,0,0,0,0,0,0,0,0,0,0,1,0,0,0,1.0485135266036076,rbf,2,scale,0.5169520006018711,True,0.001106722956716,0
arsenic-male-bladder_947,2,1.0,0.0037975311279296,0.0010089874267578,1,0,1,0,0,0,0,0,0,0,0,1,0,0,0,0,0,0,0,0,1,0,0,0,0,0,0.4802680553242993,rbf,5,auto,-0.2221388109029329,True,0.0020823994728125,0
arsenic-male-bladder_947,2,1.0,0.0031726360321044,0.0003888607025146,0,1,0,0,1,1,0,0,0,0,0,0,0,0,0,0,0,0,0,0,0,0,0,1,0,0,0.2380034097509195,sigmoid,3,scale,0.0638684650577829,False,0.0010748633284049,0
arsenic-male-bladder_947,2,1.0,0.0073850154876708,0.001469612121582,0,1,0,0,1,0,0,0,0,0,0,0,1,0,0,0,0,0,0,0,0,0,1,0,0,0,0.474524649557719,poly,2,0.15434290287816496,-0.3589760128501668,False,0.0012193953018834,0
arsenic-male-bladder_947,2,1.0,0.037588357925415,0.0088160037994384,0,1,0,0,1,0,0,0,0,0,0,0,0,0,0,1,0,0,0,0,0,0,1,0,0,0,7.75276424174673,rbf,3,0.051986436374786,-0.1667200726814827,False,0.0006613108411043,0
arsenic-male-bladder_947,2,1.0,0.0040450096130371,0.0008223056793212,0,1,0,0,1,0,0,0,0,0,0,0,0,0,0,0,1,0,0,0,0,0,0,1,0,0,0.6312605124192684,rbf,2,auto,-0.02678236584444,True,0.0007411660335102,0
arsenic-male-bladder_947,2,1.0,0.0025525093078613,0.0004444122314453,0,1,0,0,1,0,0,0,0,0,0,0,0,0,1,0,0,0,0,0,0,0,0,1,0,0,2.172648703027551,rbf,3,auto,-0.3847918990324069,False,0.0009466339463737,0
arsenic-male-bladder_947,2,1.0,0.0034379959106445,0.0005085468292236,1,0,0,1,0,0,0,0,0,0,0,0,0,0,1,0,0,0,0,0,0,0,1,0,0,0,0.8038832255645016,linear,3,0.19884293411253093,-0.0929652954527959,False,0.0006919284518027,0
arsenic-male-bladder_947,2,1.0,0.003183364868164,0.0003547668457031,1,0,0,1,0,0,0,0,0,0,0,0,0,0,0,0,0,0,1,0,0,0,1,0,0,0,6.24445207735967,rbf,2,scale,0.1727809716901465,False,0.000508514452101,0
arsenic-male-bladder_947,2,1.0,0.0028831958770751,0.0002894401550292,1,0,1,0,0,0,0,0,0,0,0,0,0,0,0,0,0,0,1,0,1,0,0,0,0,0,5.160436569814768,rbf,2,auto,0.0104115865620811,False,0.0001387256729798,0
arsenic-male-bladder_947,2,1.0,0.0038130283355712,0.0003299713134765,1,0,1,0,0,0,0,0,0,0,0,0,0,0,0,0,0,1,0,0,1,0,0,0,0,0,0.401310376572615,rbf,4,auto,-0.1847832336189059,False,0.003849037764364,0
arsenic-male-bladder_947,2,1.0,0.0034065246582031,0.000417947769165,1,0,1,0,0,0,1,0,0,0,0,0,0,0,0,0,0,0,0,0,1,0,0,0,0,0,0.920240735878878,rbf,2,auto,-0.5668262396015173,False,0.0007665485862772,0
arsenic-male-bladder_947,2,1.0,0.0037767887115478,0.0002946853637695,1,0,1,0,0,1,0,0,0,0,0,0,0,0,0,0,0,0,0,0,1,0,0,0,0,0,1.0745061174541757,rbf,3,auto,0.4309428362787401,False,0.000203068545743,0
arsenic-male-bladder_947,2,1.0,0.0027379989624023,0.0003979206085205,1,0,0,1,0,0,0,0,0,0,0,0,0,1,0,0,0,0,0,0,0,0,1,0,0,0,8.846175709679764,linear,4,0.07850814482343858,0.4610333762546816,False,0.0070353491660204,0
arsenic-male-bladder_947,2,1.0,0.0367891788482666,0.0086321830749511,0,1,0,0,1,0,0,0,0,0,0,0,0,0,0,1,0,0,0,0,0,0,0,1,0,0,8.465310403814463,rbf,2,scale,-0.4290111798089738,True,0.0014988871804069,0
arsenic-male-bladder_947,2,1.0,0.0058104991912841,0.0010223388671875,0,1,0,0,1,0,0,0,0,0,0,0,1,0,0,0,0,0,0,0,0,0,0,1,0,0,0.3260362274129564,rbf,2,scale,-0.0206543168879996,True,0.0004076763073899,0
MindCave2_1450,0,0.92,0.0013399124145507,0.0002033710479736,1,0,1,0,0,0,0,0,1,0,0,0,0,0,0,0,0,0,0,0,0,0,0,0,0,1,0.629774056687347,sigmoid,3,scale,0.2474837864439712,False,0.0044241688358832,0
MindCave2_1450,0,0.92,0.0017204284667968,0.0002496242523193,1,0,1,0,0,0,0,0,0,0,0,0,0,1,0,0,0,0,0,0,1,0,0,0,0,0,0.1263035188660276,poly,3,scale,0.8056297767638235,False,0.0016071131548633,0
MindCave2_1450,0,0.92,0.0014131069183349,0.0001978874206542,0,1,0,0,1,0,0,0,1,0,0,0,0,0,0,0,0,0,0,0,0,0,1,0,0,0,1.9327107147501916,sigmoid,4,scale,-0.3309420222515977,False,0.0026185852044665,0
MindCave2_1450,0,0.92,0.0014829635620117,0.0002276897430419,1,0,0,1,0,1,0,0,0,0,0,0,0,0,0,0,0,0,0,0,1,0,0,0,0,0,0.3689101013240284,sigmoid,3,scale,-0.1462967577529788,True,0.0013811117951565,0
MindCave2_1450,0,0.92,0.0013263225555419,0.0002112388610839,1,0,0,1,0,0,0,1,0,0,0,0,0,0,0,0,0,0,0,0,1,0,0,0,0,0,1.4820765050639912,poly,5,scale,-0.1913310865773077,False,0.0024653747863559,0
MindCave2_1450,0,0.92,0.0015685558319091,0.0002202987670898,1,0,1,0,0,0,0,0,1,0,0,0,0,0,0,0,0,0,0,0,0,0,1,0,0,0,4.432525318435928,sigmoid,5,scale,-0.1515822203595695,True,0.0002680828763209,0
MindCave2_1450,0,0.92,0.0014545917510986,0.0002119541168212,0,1,1,0,0,0,0,0,0,0,0,0,0,0,0,0,0,1,0,0,0,0,0,0,0,1,0.1253330698644433,rbf,4,scale,0.1656024958574289,False,0.0002826507756043,0
MindCave2_1450,0,0.92,0.0015318393707275,0.0002505779266357,0,1,1,0,0,0,0,0,1,0,0,0,0,0,0,0,0,0,0,0,0,0,0,0,0,1,0.5425592408811627,sigmoid,3,scale,0.0964330901473524,False,0.004162521962933,0
MindCave2_1450,0,0.92,0.0016083717346191,0.0002319812774658,1,0,1,0,0,0,0,0,1,0,0,0,0,0,0,0,0,0,0,1,0,0,0,0,0,0,0.2467850140432735,sigmoid,3,scale,0.4066194685734792,True,0.0099799469000056,0
MindCave2_1450,0,0.92,0.0013539791107177,0.0002241134643554,1,0,0,0,1,0,0,0,0,0,0,0,0,0,0,0,0,0,1,0,1,0,0,0,0,0,0.6293291588495806,rbf,4,scale,0.0159683789083472,True,0.0004978493815345,0
MindCave2_1450,0,0.92,0.0014357566833496,0.0002443790435791,1,0,0,0,1,0,0,0,0,0,0,0,0,1,0,0,0,0,0,0,1,0,0,0,0,0,0.7988676424337481,sigmoid,4,0.014875025735336342,-0.5960713555529592,False,0.000351438567264,0
MindCave2_1450,0,0.92,0.0013697147369384,0.0002193450927734,0,1,0,0,1,1,0,0,0,0,0,0,0,0,0,0,0,0,0,0,1,0,0,0,0,0,6.994895467886296,rbf,4,scale,0.199823048944927,True,0.0001310949708555,0
MindCave2_1450,0,0.92,0.0014200210571289,0.000227928161621,1,0,0,0,1,1,0,0,0,0,0,0,0,0,0,0,0,0,0,0,1,0,0,0,0,0,0.3867761105545012,sigmoid,3,auto,0.2160625706284364,True,0.000874080921416,0
MindCave2_1450,0,0.92,0.0014638900756835,0.0002007484436035,0,1,0,0,1,0,0,0,1,0,0,0,0,0,0,0,0,0,0,0,0,0,0,0,0,1,0.1911209228671355,rbf,3,scale,0.1709719010169091,False,0.0062389998727167,0
MindCave2_1450,0,0.92,0.0012810230255126,0.0002098083496093,0,1,0,0,1,0,0,0,0,0,0,0,0,0,0,0,0,1,0,0,0,0,0,0,0,1,0.1891030466390911,rbf,2,scale,0.1338966098398583,False,0.0003530385464135,0
MindCave2_1450,0,0.92,0.0021438598632812,0.0003364086151123,0,1,0,1,0,0,0,0,0,1,0,0,0,0,0,0,0,0,0,0,1,0,0,0,0,0,3.3369945357998687,linear,2,auto,0.3104930240743631,True,0.0011908757515414,0
MindCave2_1450,0,0.92,0.0015676021575927,0.0003373622894287,0,1,0,1,0,1,0,0,0,0,0,0,0,0,0,0,0,0,0,0,1,0,0,0,0,0,0.8524977497941586,poly,3,auto,-0.3763249490958308,True,0.0009801962898058,0
MindCave2_1450,0,0.92,0.0028522014617919,0.0012660026550292,1,0,0,0,1,0,0,0,0,0,0,1,0,0,0,0,0,0,0,0,1,0,0,0,0,0,8.39485847890295,rbf,2,auto,0.2908492917323582,False,0.0016956096019738,0
MindCave2_1450,0,0.92,0.001490831375122,0.0002086162567138,1,0,0,0,1,0,0,0,1,0,0,0,0,0,0,0,0,0,0,0,1,0,0,0,0,0,0.7369657200840207,rbf,3,auto,-0.1703927909677468,True,0.000932117455177,0
MindCave2_1450,0,0.92,0.0014169216156005,0.0002055168151855,1,0,0,1,0,0,0,0,1,0,0,0,0,0,0,0,0,0,0,0,0,0,0,0,0,1,8.90338335506487,rbf,3,auto,0.4324276602313537,True,0.0001820172475754,0
PieChart3_1453,3,0.9255813953488372,0.0158197879791259,0.0045654773712158,0,1,0,0,1,0,1,0,0,0,0,0,0,0,0,0,0,0,0,0,0,0,1,0,0,0,1.5873032310300772,poly,4,auto,0.1306829400269753,False,0.0001883726144867,0
PieChart3_1453,3,0.9255813953488372,0.1717114448547363,0.0407466888427734,0,1,1,0,0,0,0,0,0,0,0,0,0,0,0,1,0,0,0,0,0,0,0,1,0,0,5.161816751186859,poly,2,scale,0.4345356243735312,False,0.0002870178000176,0
PieChart3_1453,3,0.9255813953488372,0.0161440372467041,0.0046772956848144,1,0,0,1,0,0,1,0,0,0,0,0,0,0,0,0,0,0,0,0,0,0,1,0,0,0,1.93810466201852,rbf,4,scale,0.8137273842377354,False,0.0002929038997625,0
PieChart3_1453,3,0.9255813953488372,0.1685535907745361,0.0392823219299316,0,1,0,1,0,0,0,0,0,0,0,0,0,0,0,1,0,0,0,0,0,0,0,1,0,0,0.5109070663784977,rbf,4,scale,0.1363276317782997,True,0.0013963302567684,0
PieChart3_1453,3,0.9255813953488372,0.1775910854339599,0.0414159297943115,0,1,0,0,1,0,0,0,0,0,0,0,0,0,0,1,0,0,0,0,0,0,0,1,0,0,0.1283454628727946,rbf,3,scale,0.0274839391295643,False,0.0018839598993928,0
PieChart3_1453,3,0.9255813953488372,0.0183091163635253,0.0043737888336181,1,0,1,0,0,0,1,0,0,0,0,0,0,0,0,0,0,0,0,0,0,0,1,0,0,0,0.1416557144544993,linear,3,scale,0.2919786280588058,True,0.0001562712813843,0
PieChart3_1453,3,0.9255813953488372,0.0135893821716308,0.0037348270416259,0,1,1,0,0,0,1,0,0,0,0,0,0,0,0,0,0,0,0,0,1,0,0,0,0,0,0.3046632330201408,linear,2,scale,-0.6683662384597936,True,0.0007531214836702,0
PieChart3_1453,3,0.9255813953488372,0.0140109062194824,0.0037620067596435,1,0,0,0,1,0,1,0,0,0,0,0,0,0,0,0,0,0,0,1,0,0,0,0,0,0,0.8852578957811819,rbf,4,scale,-0.2815333886095644,True,0.0012680595680177,0
PieChart3_1453,3,0.9255813953488372,0.023477554321289,0.0064394474029541,0,1,0,1,0,0,1,0,0,0,0,0,0,0,0,0,0,0,0,1,0,0,0,0,0,0,0.9701165101439522,poly,3,scale,0.1338938072453209,True,0.0056906715398409,0
PieChart3_1453,3,0.9255813953488372,0.1739082336425781,0.0431654453277587,1,0,0,0,1,0,0,0,0,0,0,0,0,0,0,1,0,0,0,0,0,0,0,1,0,0,1.840513150634002,linear,3,scale,0.0482496919642157,True,0.0005533187036942,0
PieChart3_1453,3,0.9255813953488372,0.0148935317993164,0.0037651062011718,1,0,0,1,0,0,1,0,0,0,0,0,0,0,0,0,0,0,0,1,0,0,0,0,0,0,0.3076295114938188,rbf,4,0.6486167102426317,-0.5004664270335226,True,0.0023361975495912,0
PieChart3_1453,3,0.9255813953488372,0.0138194561004638,0.0038192272186279,0,1,0,1,0,0,1,0,0,0,0,0,0,0,0,0,0,0,0,0,1,0,0,0,0,0,2.2915925087651625,rbf,2,scale,0.3745658462895523,True,0.0036148901892416,0
PieChart3_1453,3,0.9255813953488372,0.0152137279510498,0.0040309429168701,1,0,1,0,0,0,1,0,0,0,0,0,0,0,0,0,0,0,0,0,1,0,0,0,0,0,7.694623662775832,sigmoid,3,scale,0.1650810386405385,True,0.00013534123583,0
PieChart3_1453,3,0.9255813953488372,0.0136656761169433,0.0037720203399658,0,1,1,0,0,0,1,0,0,0,0,0,0,0,0,0,0,0,0,0,0,0,0,0,0,1,3.475281492047125,rbf,3,0.2492183792822859,0.2242850601458684,False,0.006800447842122,0
PieChart3_1453,3,0.9255813953488372,0.0137417316436767,0.003819465637207,1,0,0,1,0,0,1,0,0,0,0,0,0,0,0,0,0,0,0,0,0,0,0,0,0,1,5.87982994342019,sigmoid,4,0.5772990733381634,-0.2096999696300663,True,0.0004956256150951,0
PieChart3_1453,3,0.9255813953488372,0.014244794845581,0.0039432048797607,0,1,1,0,0,0,1,0,0,0,0,0,0,0,0,0,0,0,0,1,0,0,0,0,0,0,1.0067739958121964,rbf,4,auto,0.0817382780564088,True,0.000163468291696,0
PieChart3_1453,3,0.9255813953488372,0.0156691074371337,0.0044522285461425,0,1,0,1,0,0,1,0,0,0,0,0,0,0,0,0,0,0,0,0,0,0,1,0,0,0,2.3854879272163787,rbf,3,0.18667502118914472,0.2141104123775791,False,0.0053416120003496,0
PieChart3_1453,3,0.9255813953488372,0.0132956504821777,0.0043423175811767,0,1,0,0,1,0,1,0,0,0,0,0,0,0,0,0,0,0,0,1,0,0,0,0,0,0,2.171865465645189,sigmoid,3,scale,-0.3951902527430607,True,0.0092954723837268,0
PieChart3_1453,3,0.9255813953488372,0.0139422416687011,0.003791332244873,0,1,0,0,1,0,1,0,0,0,0,0,0,0,0,0,0,0,0,0,0,0,0,0,0,1,3.208568689848355,rbf,3,scale,-0.1217349196117396,True,0.0003369829810105,0
PieChart3_1453,3,0.9255813953488372,0.0176138877868652,0.0051558017730712,1,0,0,0,1,0,1,0,0,0,0,0,0,0,0,0,0,0,0,0,1,0,0,0,0,0,0.2032640238411298,poly,4,scale,0.2434609754650989,False,0.0002020124170911,0
appendicitis_test_edsa_45613,3,1.0,0.0018365383148193,0.0003693103790283,0,1,1,0,0,0,0,0,0,0,0,0,0,0,0,0,1,0,0,0,0,0,1,0,0,0,0.4622803705499237,poly,3,0.9518445149150289,-0.0125084143767492,True,0.0025871692103991,0
appendicitis_test_edsa_45613,3,1.0,0.0016648769378662,0.000307559967041,1,0,0,1,0,0,0,0,0,0,0,0,0,0,0,0,1,0,0,0,0,0,0,0,1,0,0.4935139839567182,sigmoid,3,auto,-0.016183704936778,True,0.0001045808731668,0
appendicitis_test_edsa_45613,3,1.0,0.0056428909301757,0.0008978843688964,1,0,0,1,0,0,0,0,0,0,0,0,0,0,0,1,0,0,0,0,0,0,0,0,1,0,0.1195016774425148,rbf,2,scale,-0.0760027256503394,True,0.0038924793651069,0
appendicitis_test_edsa_45613,3,1.0,0.0046727657318115,0.0007572174072265,1,0,1,0,0,0,0,0,0,0,0,0,0,0,0,1,0,0,0,0,0,0,0,0,1,0,0.6006401068409153,sigmoid,3,scale,-0.3318382944561373,False,0.0015440831541667,0
appendicitis_test_edsa_45613,3,1.0,0.0017571449279785,0.0003745555877685,1,0,1,0,0,0,0,0,0,0,0,0,0,0,0,0,1,0,0,0,0,0,0,0,1,0,0.1185830670747036,sigmoid,4,0.03081978199116013,-0.0406265829042444,True,0.008959886631088,0
appendicitis_test_edsa_45613,3,1.0,0.0034060478210449,0.0007441043853759,0,1,0,0,1,0,0,0,0,0,0,0,0,0,0,0,1,0,0,0,0,0,0,0,0,1,0.482113911272299,rbf,3,0.012134348081311737,-0.0942952177787372,True,0.0022250096360688,0
appendicitis_test_edsa_45613,3,1.0,0.0018646717071533,0.0003206729888916,1,0,0,1,0,0,0,0,0,0,0,0,1,0,0,0,0,0,0,0,0,1,0,0,0,0,0.1784644317194763,sigmoid,3,scale,0.4052719258092014,True,0.0005172738809427,0
appendicitis_test_edsa_45613,3,1.0,0.0018413066864013,0.0002484321594238,1,0,0,1,0,0,0,0,0,0,0,0,0,0,1,0,0,0,0,0,0,1,0,0,0,0,0.1167376639795333,linear,3,auto,-0.4098169961347275,False,0.0008379897543624,0
appendicitis_test_edsa_45613,3,1.0,0.0015296936035156,0.000201940536499,1,0,0,1,0,0,0,0,0,0,0,1,0,0,0,0,0,0,0,0,0,0,0,1,0,0,2.2175464684824013,poly,5,auto,0.4192539309040605,True,0.0005147281088879,0
appendicitis_test_edsa_45613,3,1.0,0.0012695789337158,0.0001800060272216,1,0,0,1,0,0,0,0,0,0,0,0,0,0,0,0,0,0,1,0,0,1,0,0,0,0,0.1473619451807333,poly,2,scale,0.353861874417915,True,0.0028441216346173,0
appendicitis_test_edsa_45613,3,1.0,0.0012702941894531,0.0001788139343261,0,1,1,0,0,0,0,0,0,0,0,0,0,0,0,0,0,0,1,0,0,1,0,0,0,0,2.6706835805147606,poly,4,auto,0.5905940144127553,True,0.0036213952220155,0
appendicitis_test_edsa_45613,3,1.0,0.0056829452514648,0.0010032653808593,0,1,1,0,0,0,0,0,0,0,0,0,0,0,0,1,0,0,0,0,0,1,0,0,0,0,3.651864815629668,rbf,2,scale,0.1898663525487309,False,0.0002742724481429,0
appendicitis_test_edsa_45613,3,1.0,0.0014660358428955,0.0002853870391845,0,1,1,0,0,0,0,1,0,0,0,0,0,0,0,0,0,0,0,0,0,1,0,0,0,0,8.601284789704533,linear,2,scale,-0.2652291449802124,True,0.0008337145483029,0
appendicitis_test_edsa_45613,3,1.0,0.0014708042144775,0.0003187656402587,0,1,1,0,0,0,0,0,0,0,0,0,0,0,0,0,1,0,0,0,0,1,0,0,0,0,0.1093781727533955,rbf,4,scale,0.2750632390316641,False,0.0003660705874239,0
appendicitis_test_edsa_45613,3,1.0,0.0015618801116943,0.0002257823944091,0,1,1,0,0,0,0,0,0,0,0,0,0,0,1,0,0,0,0,0,0,1,0,0,0,0,0.3251453915528859,poly,5,scale,-0.0853341037148652,True,0.0004058906022664,0
appendicitis_test_edsa_45613,3,1.0,0.0017814636230468,0.0002961158752441,0,1,1,0,0,0,0,0,0,0,0,0,1,0,0,0,0,0,0,0,0,1,0,0,0,0,1.5645466435604916,sigmoid,4,scale,-0.032073097364144,True,0.0037704193264633,0
appendicitis_test_edsa_45613,3,1.0,0.0036287307739257,0.0002377033233642,0,1,1,0,0,0,0,0,0,0,0,1,0,0,0,0,0,0,0,0,0,0,1,0,0,0,0.1247259019245465,linear,2,auto,-0.0884839698430998,True,0.0001318134833183,0
appendicitis_test_edsa_45613,3,1.0,0.0061850547790527,0.0009269714355468,0,1,0,0,1,0,0,0,0,0,0,0,0,0,0,1,0,0,0,0,0,0,0,0,0,1,0.877382680568575,rbf,3,0.07664985047166097,0.3978031735935509,True,0.0014064064465529,0
appendicitis_test_edsa_45613,3,1.0,0.0017247200012207,0.0002636909484863,0,1,1,0,0,0,0,0,0,1,0,0,0,0,0,0,0,0,0,0,0,0,1,0,0,0,7.037032503864968,poly,3,scale,-0.0385412947940975,False,0.0006752737523942,0
appendicitis_test_edsa_45613,3,1.0,0.001188039779663,0.0001652240753173,0,1,1,0,0,0,0,1,0,0,0,0,0,0,0,0,0,0,0,0,0,0,1,0,0,0,9.97406774634992,sigmoid,4,0.2156765557285458,-0.0140034455475574,True,0.0007864653264615,0
DiabeticMellitus_41430,0,1.0,0.0014510154724121,0.0002405643463134,0,1,0,0,1,0,0,0,1,0,0,0,0,0,0,0,0,0,0,0,0,0,1,0,0,0,5.85231338162434,poly,2,auto,-0.1268171385415781,True,0.0019520263403743,0
DiabeticMellitus_41430,4,1.0,0.002171516418457,0.0003821849822998,0,1,0,0,1,0,0,0,0,0,0,0,0,0,0,0,0,1,0,0,0,0,0,0,1,0,5.165461523239896,sigmoid,3,scale,-0.1749485270292227,True,0.0010785891423174,0
DiabeticMellitus_41430,0,1.0,0.0011980533599853,0.000201940536499,0,1,1,0,0,0,0,0,1,0,0,0,0,0,0,0,0,0,0,0,0,0,0,0,0,1,4.569478788349733,rbf,2,scale,-0.4631904233065435,True,0.000406201792472,0
DiabeticMellitus_41430,4,1.0,0.001192569732666,0.0002868175506591,0,1,0,0,1,0,0,0,1,0,0,0,0,0,0,0,0,0,0,0,0,0,0,0,1,0,7.723169394600198,poly,2,0.22815825253246058,0.2963489488182981,True,0.0062670296978115,0
DiabeticMellitus_41430,0,1.0,0.0016539096832275,0.000244140625,0,1,0,0,1,0,0,0,1,0,0,0,0,0,0,0,0,0,0,0,0,0,0,0,1,0,0.7639974986565627,linear,5,0.014402314675258392,0.4227054658893671,True,0.0010975860823347,0
DiabeticMellitus_41430,4,1.0,0.0014064311981201,0.0002176761627197,0,1,0,0,1,0,0,0,1,0,0,0,0,0,0,0,0,0,0,0,0,0,1,0,0,0,4.474657133158575,poly,2,0.16176659190708134,0.0216703623518201,True,0.0029638620046508,0
DiabeticMellitus_41430,0,1.0,0.0012454986572265,0.0002026557922363,0,1,0,1,0,0,0,0,1,0,0,0,0,0,0,0,0,0,0,0,0,0,0,1,0,0,1.0621274856332452,sigmoid,3,auto,0.5886969575151042,False,0.0072498018144025,0
DiabeticMellitus_41430,4,1.0,0.0012457370758056,0.0002000331878662,0,1,0,1,0,0,0,0,1,0,0,0,0,0,0,0,0,0,0,0,0,0,0,1,0,0,1.708989381215843,linear,3,scale,-0.2109200626431345,True,0.0097638748646765,0
DiabeticMellitus_41430,0,1.0,0.0013349056243896,0.0002129077911376,0,1,0,0,1,0,0,0,1,0,0,0,0,0,0,0,0,0,0,0,1,0,0,0,0,0,0.1340987883707861,rbf,3,scale,0.6873192368171691,True,0.000642895461974,0
DiabeticMellitus_41430,1,1.0,0.0017280578613281,0.0003101825714111,0,1,1,0,0,1,0,0,0,0,0,0,0,0,0,0,0,0,0,0,0,0,0,0,0,1,0.1562556270900674,rbf,2,auto,-0.1470649917582645,True,0.000194341098302,0
DiabeticMellitus_41430,4,1.0,0.0011639595031738,0.0001866817474365,0,1,0,0,1,0,0,0,1,0,0,0,0,0,0,0,0,0,0,0,0,0,0,0,0,1,0.3115877399557333,poly,3,auto,0.0308792793929604,False,0.0054947633600073,0
DiabeticMellitus_41430,0,1.0,0.0011940002441406,0.000187873840332,0,1,0,0,1,0,0,0,1,0,0,0,0,0,0,0,0,0,0,0,0,0,0,0,0,1,3.7943703995189817,sigmoid,4,scale,-0.05834089031945,False,0.0007586047460952,0
DiabeticMellitus_41430,1,1.0,0.0019025802612304,0.0003588199615478,0,1,0,0,1,1,0,0,0,0,0,0,0,0,0,0,0,0,0,0,0,0,0,0,0,1,0.2819913637267002,linear,4,scale,-0.0436333963096745,False,0.0001836613221133,0
DiabeticMellitus_41430,4,1.0,0.0012378692626953,0.0002162456512451,0,1,0,0,1,0,0,0,1,0,0,0,0,0,0,0,0,0,0,1,0,0,0,0,0,0,3.223461388381879,linear,5,auto,0.5067919507957402,False,0.0020544846341899,0
DiabeticMellitus_41430,0,1.0,0.0012533664703369,0.0002017021179199,0,1,0,0,1,0,0,0,1,0,0,0,0,0,0,0,0,0,0,1,0,0,0,0,0,0,1.2534051478671024,poly,3,auto,-0.1551576368984293,False,0.0015605030935691,0
DiabeticMellitus_41430,4,1.0,0.0012540817260742,0.0001962184906005,0,1,1,0,0,0,0,0,1,0,0,0,0,0,0,0,0,0,0,0,0,0,0,0,0,1,7.24728336618908,sigmoid,3,0.027882000673589875,-0.098291258036234,False,0.0001885757557084,0
DiabeticMellitus_41430,0,1.0,0.0013222694396972,0.0002026557922363,0,1,1,0,0,0,0,0,1,0,0,0,0,0,0,0,0,0,0,1,0,0,0,0,0,0,0.9706232252842344,sigmoid,3,auto,0.4539301466676673,True,0.0001705453021242,0
DiabeticMellitus_41430,4,1.0,0.0016782283782958,0.0002436637878417,0,1,1,0,0,0,0,0,1,0,0,0,0,0,0,0,0,0,0,1,0,0,0,0,0,0,0.6418923645100069,rbf,5,0.07946692762568153,0.1373445245460279,False,0.0077153337908162,0
DiabeticMellitus_41430,4,1.0,0.0014810562133789,0.0002582073211669,0,1,0,0,1,0,0,0,1,0,0,0,0,0,0,0,0,0,0,0,1,0,0,0,0,0,0.1258841159898234,rbf,3,scale,0.0509485366518797,False,0.0021749657161129,0
DiabeticMellitus_41430,0,1.0,0.0015530586242675,0.0002460479736328,0,1,0,1,0,0,0,0,1,0,0,0,0,0,0,0,0,0,0,0,1,0,0,0,0,0,1.4725264837009475,poly,2,scale,-0.0113680071032007,True,0.0069575261225456,0
tae_48,1,0.7333333333333333,0.0027451515197753,0.0006203651428222,1,0,1,0,0,0,0,0,0,0,0,0,0,0,0,0,1,0,0,0,1,0,0,0,0,0,0.1963972689149532,sigmoid,3,0.06718006119017313,-0.1297040466303609,False,0.0004113852553097,0
tae_48,1,0.7333333333333333,0.0027532577514648,0.0006282329559326,0,1,0,1,0,0,0,0,0,0,0,0,0,0,0,0,1,0,0,0,1,0,0,0,0,0,2.679707127058926,poly,3,scale,-0.2321941277391334,True,0.0016333646679798,0
tae_48,1,0.7333333333333333,0.0027239322662353,0.0006370544433593,1,0,0,0,1,0,0,0,0,0,0,0,0,0,0,0,1,0,0,0,1,0,0,0,0,0,1.7494046587225212,linear,4,scale,0.4385762526655359,True,0.0004100432814629,0
tae_48,1,0.7333333333333333,0.0024406909942626,0.0004987716674804,1,0,0,1,0,0,0,0,0,0,0,0,0,0,0,0,1,0,0,0,1,0,0,0,0,0,4.781349523560003,poly,2,auto,-0.3600150753652824,False,0.0079767589645921,0
tae_48,1,0.7333333333333333,0.002744436264038,0.0006003379821777,0,1,0,0,1,0,0,0,0,0,0,0,0,0,0,0,1,0,0,0,1,0,0,0,0,0,0.1892744472999227,linear,3,0.029245796309971882,0.00957624608591,False,0.0003492191496407,0
tae_48,1,0.7333333333333333,0.0028607845306396,0.0006701946258544,0,1,1,0,0,0,0,0,0,0,0,0,0,0,0,0,1,0,0,0,1,0,0,0,0,0,2.3714463241653605,sigmoid,5,auto,-0.1130785290305337,True,0.0009294671200732,0
tae_48,1,0.7,0.0016615390777587,0.0003082752227783,0,1,1,0,0,0,0,0,0,0,0,0,0,0,1,0,0,0,0,0,0,0,0,0,1,0,1.8051062686377763,linear,2,scale,0.3902126584371496,True,0.002610305725761,0
tae_48,2,0.7,0.002587080001831,0.0005149841308593,0,1,0,0,1,0,0,0,0,0,0,0,1,0,0,0,0,0,0,0,1,0,0,0,0,0,4.72406260532964,rbf,3,scale,0.2444245229836237,False,0.0002046213985175,0
tae_48,2,0.7,0.0026726722717285,0.0006220340728759,1,0,0,0,1,0,0,0,0,0,0,0,1,0,0,0,0,0,0,0,1,0,0,0,0,0,0.5379876186592142,linear,2,auto,0.2460324737354521,True,0.0017192963556039,0
tae_48,2,0.7,0.0028192996978759,0.0006325244903564,1,0,1,0,0,0,0,0,0,0,0,0,1,0,0,0,0,0,0,0,1,0,0,0,0,0,3.596266568448639,rbf,2,scale,-0.0756285660079966,True,0.0006973908776367,0
tae_48,1,0.7,0.0016942024230957,0.0002999305725097,0,1,0,1,0,0,0,0,0,0,0,0,0,0,1,0,0,0,0,0,0,0,0,0,1,0,5.612990411917536,poly,4,scale,0.1048839935057135,True,0.0040308695550229,0
tae_48,2,0.7,0.0027880668640136,0.0006206035614013,0,1,1,0,0,0,0,0,0,0,0,0,1,0,0,0,0,0,0,0,1,0,0,0,0,0,0.309278325921638,linear,2,0.014428177801802163,-0.4169973383184523,True,0.0015976691245697,0
tae_48,1,0.7,0.001708984375,0.0002901554107666,1,0,0,0,1,0,0,0,0,0,0,0,0,0,1,0,0,0,0,0,0,0,0,0,1,0,0.1121265911415728,rbf,4,0.03673872830610769,0.1559018085453935,False,0.0001582722239351,0
tae_48,1,0.7,0.001664400100708,0.0002903938293457,0,1,0,0,1,0,0,0,0,0,0,0,0,0,1,0,0,0,0,0,0,0,0,0,1,0,0.6706022514141396,sigmoid,2,scale,-0.0063978332277655,False,0.0002116822872928,0
tae_48,1,0.7,0.001763105392456,0.0002968311309814,1,0,0,1,0,0,0,0,0,0,0,0,0,0,1,0,0,0,0,0,0,0,0,0,1,0,1.4327274358815558,sigmoid,3,scale,-0.2358376865392584,False,0.0003285383748443,0
tae_48,1,0.7,0.0016500949859619,0.0002913475036621,1,0,1,0,0,0,0,0,0,0,0,0,0,0,1,0,0,0,0,0,0,0,0,0,1,0,0.3672421839053199,linear,3,scale,-0.4488691565802587,False,0.0004902306508201,0
tae_48,2,0.7,0.0028479099273681,0.0006365776062011,1,0,0,1,0,0,0,0,0,0,0,0,1,0,0,0,0,0,0,0,1,0,0,0,0,0,0.1882652837083679,linear,2,0.032379321644482706,0.3236135701195197,True,0.0007247437520774,0
tae_48,2,0.7,0.0027487277984619,0.0005967617034912,0,1,0,1,0,0,0,0,0,0,0,0,1,0,0,0,0,0,0,0,1,0,0,0,0,0,0.2339008499172566,rbf,4,0.8722146218260681,0.3258707551425895,True,0.0021865068290685,0
tae_48,1,0.6666666666666666,0.0022518634796142,0.0003881454467773,0,1,0,1,0,0,0,0,0,0,0,1,0,0,0,0,0,0,0,0,0,0,0,0,0,1,2.3322257327773688,rbf,3,scale,-0.0358402373975694,False,0.0005228754623952,0
tae_48,1,0.6666666666666666,0.0015022754669189,0.0002639293670654,0,1,0,1,0,0,0,0,0,0,0,0,0,1,0,0,0,0,0,0,0,0,0,0,0,1,0.2523861933532316,rbf,4,scale,-0.0961174563944905,True,0.0008287161918212,0
fri_c1_500_50_766,1,0.92,0.0041413307189941,0.0009775161743164,0,1,0,0,1,0,0,0,0,0,0,0,0,0,0,0,0,1,0,0,0,0,0,0,1,0,3.705885238695107,poly,2,0.08902167902159885,0.0566190199589413,False,0.0063185478527235,0
fri_c1_500_50_766,1,0.92,0.0040490627288818,0.0010013580322265,1,0,0,0,1,0,0,0,0,0,0,0,0,0,0,0,0,1,0,0,0,0,0,0,1,0,0.7380375320650088,poly,3,auto,0.0415025304738093,True,0.0002421029636082,0
fri_c1_500_50_766,1,0.92,0.0042271614074707,0.0009808540344238,0,1,1,0,0,0,0,0,0,0,0,0,0,0,0,0,0,1,0,0,0,0,0,0,1,0,8.013301560003262,sigmoid,5,scale,-0.2494914307894272,True,0.0009324091458677,0
fri_c1_500_50_766,1,0.92,0.0039350986480712,0.0009379386901855,1,0,1,0,0,0,0,0,0,0,0,0,0,0,0,0,0,1,0,0,0,0,0,0,1,0,0.6856405236209802,linear,2,scale,-0.3466422152561387,True,0.0004514169881251,0
fri_c1_500_50_766,1,0.92,0.0038568973541259,0.0009307861328125,0,1,0,1,0,0,0,0,0,0,0,0,0,0,0,0,0,1,0,0,0,0,0,0,1,0,1.9048599643075856,rbf,5,0.0761079236563238,0.2865345131557349,True,0.0041081272720508,0
fri_c1_500_50_766,1,0.92,0.0038874149322509,0.0009713172912597,1,0,0,1,0,0,0,0,0,0,0,0,0,0,0,0,0,1,0,0,0,0,0,0,1,0,0.1054327557073187,rbf,2,auto,-0.1688571973753904,False,0.0001138857353302,0
fri_c1_500_50_766,2,0.91,0.0039761066436767,0.0009770393371582,0,1,1,0,0,1,0,0,0,0,0,0,0,0,0,0,0,0,0,0,0,0,0,0,1,0,0.3154761324880618,rbf,2,auto,0.1840201503911212,True,0.000211296808986,0
fri_c1_500_50_766,2,0.91,0.0038435459136962,0.0009686946868896,0,1,0,1,0,1,0,0,0,0,0,0,0,0,0,0,0,0,0,0,0,0,0,0,1,0,2.3822473101785997,sigmoid,5,auto,-0.2335939183562552,True,0.0003858024767888,0
fri_c1_500_50_766,2,0.91,0.0040311813354492,0.0010292530059814,1,0,0,0,1,0,0,0,0,0,0,0,0,0,0,0,0,1,0,0,0,0,0,0,1,0,6.037257830234128,sigmoid,2,0.30207235507091734,0.2608638220363974,True,0.0055137679507192,0
fri_c1_500_50_766,2,0.91,0.0042881965637207,0.0009548664093017,1,0,0,0,1,1,0,0,0,0,0,0,0,0,0,0,0,0,0,0,0,0,0,0,1,0,6.216431227387618,linear,4,auto,-0.3538143099380218,False,0.002474745104178,0
fri_c1_500_50_766,2,0.91,0.0039408206939697,0.0009505748748779,0,1,0,0,1,0,0,0,0,0,0,0,0,0,0,0,0,1,0,0,0,0,0,0,1,0,0.3164018868255167,linear,3,scale,-0.009746237389868,True,0.0006714995452189,0
fri_c1_500_50_766,2,0.91,0.004176378250122,0.0011534690856933,0,1,0,0,1,1,0,0,0,0,0,0,0,0,0,0,0,0,0,0,0,0,0,0,1,0,1.5800902312031042,rbf,3,scale,-0.5289323946928223,False,0.0067888933617627,0
fri_c1_500_50_766,2,0.91,0.0038435459136962,0.0009510517120361,1,0,1,0,0,0,0,0,0,0,0,0,0,0,0,0,0,1,0,0,0,0,0,0,1,0,0.1266255479897149,rbf,4,scale,-0.1042218759751244,False,0.000847051003171,0
fri_c1_500_50_766,2,0.91,0.0040781497955322,0.0009701251983642,0,1,1,0,0,0,0,0,0,0,0,0,0,0,0,0,0,1,0,0,0,0,0,0,1,0,1.9303631879702876,sigmoid,4,auto,-0.8383059347533129,False,0.0001887889165742,0
fri_c1_500_50_766,2,0.91,0.0039074420928955,0.0009717941284179,1,0,1,0,0,1,0,0,0,0,0,0,0,0,0,0,0,0,0,0,0,0,0,0,1,0,0.1360246975379743,poly,2,scale,-0.4812266774199203,False,0.0025379779073278,0
fri_c1_500_50_766,2,0.91,0.0037465095520019,0.0009512901306152,0,1,0,1,0,0,0,0,0,0,0,0,0,0,0,0,0,1,0,0,0,0,0,0,1,0,0.4646177237733829,poly,2,scale,-0.2457709062970328,True,0.0068586459934415,0
fri_c1_500_50_766,2,0.91,0.0040078163146972,0.000969648361206,1,0,0,1,0,1,0,0,0,0,0,0,0,0,0,0,0,0,0,0,0,0,0,0,1,0,8.057565094282314,linear,2,0.02376036867907696,0.2782589375141636,True,0.0001536806636538,0
fri_c1_500_50_766,2,0.91,0.0037715435028076,0.0009527206420898,1,0,0,1,0,0,0,0,0,0,0,0,0,0,0,0,0,1,0,0,0,0,0,0,1,0,0.4022666579693791,rbf,3,scale,0.1629611286997303,True,0.0004228288727601,0
fri_c1_500_50_766,1,0.9,0.0104556083679199,0.0014655590057373,1,0,0,1,0,0,0,0,0,0,0,0,0,0,0,0,0,1,0,0,0,0,0,0,0,1,6.258816778839229,rbf,4,0.059152683882458645,0.1768118858851789,True,0.0025627272082763,0
fri_c1_500_50_766,2,0.9,0.0045714378356933,0.0011332035064697,1,0,0,0,1,0,0,0,0,0,0,0,0,0,0,0,0,1,0,0,0,0,1,0,0,0,8.593931592392533,rbf,3,scale,-0.4982554091023276,True,0.0002494455775326,0
tokyo1_40705,1,0.9583333333333334,0.0859746932983398,0.0221436023712158,0,1,1,0,0,0,0,0,0,0,0,0,0,0,0,1,0,0,0,0,1,0,0,0,0,0,7.618315387942577,sigmoid,5,auto,-0.5008163292015068,False,0.0004611420241423,0
tokyo1_40705,2,0.9583333333333334,0.0929498672485351,0.0254328250885009,1,0,0,1,0,0,0,0,0,0,0,0,0,0,0,1,0,0,0,0,0,1,0,0,0,0,0.2077162647504988,rbf,4,scale,0.5833694588074357,True,0.0021263322690459,0
tokyo1_40705,1,0.9583333333333334,0.0078983306884765,0.0021533966064453,1,0,1,0,0,0,0,0,0,0,0,1,0,0,0,0,0,0,0,0,0,0,0,1,0,0,1.4363728922264578,poly,3,auto,0.1969148350152205,False,0.0001156237236523,0
tokyo1_40705,1,0.9583333333333334,0.0811054706573486,0.0207440853118896,0,1,0,1,0,0,0,0,0,0,0,0,0,0,0,1,0,0,0,0,0,0,0,0,0,1,0.5472728270816273,rbf,5,auto,0.1830783925542815,True,0.0047983230983556,0
tokyo1_40705,1,0.9583333333333334,0.0076596736907958,0.0021028518676757,1,0,0,0,1,0,0,0,0,0,0,1,0,0,0,0,0,0,0,0,0,0,0,1,0,0,0.1222502629206403,poly,2,auto,0.1819769201909433,False,0.0001008833647032,0
tokyo1_40705,1,0.9583333333333334,0.0812265872955322,0.0210452079772949,1,0,0,1,0,0,0,0,0,0,0,0,0,0,0,1,0,0,0,0,0,0,0,0,1,0,1.2126004396763146,rbf,5,scale,-0.2757395453947002,False,0.0004557066038152,0
tokyo1_40705,2,0.9583333333333334,0.099952220916748,0.0253760814666748,1,0,0,0,1,0,0,0,0,0,0,0,0,0,0,1,0,0,0,0,0,1,0,0,0,0,3.697866065134371,poly,5,scale,0.2798867376630256,True,0.0003163976930923,0
tokyo1_40705,1,0.9583333333333334,0.1063680648803711,0.0247368812561035,1,0,1,0,0,0,0,0,0,0,0,0,0,0,0,1,0,0,0,0,0,0,1,0,0,0,6.387331635882797,rbf,2,0.05042879278367822,-0.1360159397693338,True,0.0036723995316795,0
tokyo1_40705,1,0.9583333333333334,0.0827951431274414,0.0215649604797363,0,1,1,0,0,0,0,0,0,0,0,0,0,0,0,1,0,0,0,1,0,0,0,0,0,0,1.1895906672987515,poly,4,scale,0.3223903697559242,False,0.0001145965834867,0
tokyo1_40705,1,0.9583333333333334,0.0054948329925537,0.0014848709106445,0,1,1,0,0,0,0,0,0,0,1,0,0,0,0,0,0,0,0,0,0,0,0,1,0,0,2.437159128133149,rbf,2,auto,-0.4669839281563124,False,0.0054562987392124,0
tokyo1_40705,1,0.9583333333333334,0.005394697189331,0.0014228820800781,0,1,0,0,1,0,0,0,0,0,1,0,0,0,0,0,0,0,0,0,0,0,0,1,0,0,0.2084303286099136,sigmoid,4,0.03711241546829738,0.6245335538903274,True,0.0007784571175941,0
tokyo1_40705,1,0.9583333333333334,0.0074460506439208,0.0020232200622558,0,1,0,0,1,0,0,0,0,0,0,1,0,0,0,0,0,0,0,0,0,0,0,1,0,0,0.2064354782054588,rbf,2,scale,-0.2769259449370794,False,0.0027683979036732,0
tokyo1_40705,1,0.9583333333333334,0.0856692790985107,0.0216917991638183,1,0,0,0,1,0,0,0,0,0,0,0,0,0,0,1,0,0,0,0,1,0,0,0,0,0,3.491490236872641,poly,4,0.04183835258708432,0.2870458697304702,True,0.0003014500322038,0
tokyo1_40705,1,0.9583333333333334,0.1003375053405761,0.023594856262207,0,1,0,0,1,0,0,0,0,0,0,0,0,0,0,1,0,0,0,0,0,0,1,0,0,0,0.28729908548601,rbf,2,auto,0.3445043124006171,False,0.0026439311161114,0
tokyo1_40705,1,0.9583333333333334,0.0905687808990478,0.0232439041137695,0,1,0,0,1,0,0,0,0,0,0,0,0,0,0,1,0,0,0,0,0,0,0,0,1,0,1.647460680234458,sigmoid,3,scale,-0.6735006882941728,True,0.0002027662688189,0
tokyo1_40705,1,0.9583333333333334,0.09562349319458,0.022017478942871,0,1,1,0,0,0,0,0,0,0,0,0,0,0,0,1,0,0,0,0,0,0,1,0,0,0,2.66011825472886,poly,2,auto,-0.3874061770401461,False,0.0021982206806412,0
tokyo1_40705,1,0.9583333333333334,0.0856175422668457,0.0233008861541748,0,1,1,0,0,0,0,0,0,0,0,0,0,0,0,1,0,0,0,0,0,0,0,0,0,1,1.3146115286409374,rbf,4,scale,-0.2588549639425957,False,0.0023059462799486,0
tokyo1_40705,1,0.9583333333333334,0.0865321159362793,0.0221507549285888,1,0,1,0,0,0,0,0,0,0,0,0,0,0,0,1,0,0,0,0,0,0,0,0,0,1,9.78487975602016,rbf,2,0.023122852990144056,-0.2943169551946043,True,0.0081188481235664,0
tokyo1_40705,1,0.9583333333333334,0.0815267562866211,0.020810842514038,0,1,0,0,1,0,0,0,0,0,0,0,0,0,0,1,0,0,0,0,1,0,0,0,0,0,2.229453035980248,rbf,5,auto,0.1245484369913882,False,0.0025953995627376,0
tokyo1_40705,1,0.9583333333333334,0.0050337314605712,0.0013148784637451,1,0,1,0,0,0,0,0,0,0,1,0,0,0,0,0,0,0,0,0,0,0,0,1,0,0,4.320761272085535,linear,2,0.016634863559411513,0.1378842440469253,False,0.0048399701483632,0
schizo_466,3,0.8970588235294118,0.0059351921081542,0.0017986297607421,0,1,0,0,1,0,0,0,0,0,0,0,1,0,0,0,0,0,0,0,1,0,0,0,0,0,0.1589051938297908,sigmoid,2,auto,0.1860849238398256,True,0.0001358788351032,0
schizo_466,1,0.8823529411764706,0.0050141811370849,0.0015249252319335,0,1,0,0,1,0,0,0,0,0,0,0,1,0,0,0,0,0,0,0,1,0,0,0,0,0,1.151670698246077,linear,2,auto,-0.3980248340101036,True,0.0015711304668374,0
schizo_466,3,0.8823529411764706,0.0053603649139404,0.0015876293182373,0,1,0,1,0,0,0,0,0,0,0,0,1,0,0,0,0,0,0,0,1,0,0,0,0,0,7.139207389629696,sigmoid,2,0.10323359947906675,-0.0859921751912191,False,0.0005275031531375,0
schizo_466,1,0.8676470588235294,0.005491018295288,0.0018439292907714,0,1,0,1,0,0,0,0,0,0,0,0,1,0,0,0,0,0,0,0,1,0,0,0,0,0,2.5719163291390426,linear,2,scale,-0.3027180345617684,False,0.0003894191807501,0
schizo_466,0,0.8529411764705882,0.0066578388214111,0.0021946430206298,0,1,0,1,0,0,0,0,0,0,0,0,0,0,0,0,1,0,0,0,1,0,0,0,0,0,0.7363556398482014,poly,2,auto,-0.4027429470458107,True,0.0002105928572989,0
schizo_466,1,0.8235294117647058,0.0216968059539794,0.0049481391906738,0,1,0,1,0,0,0,0,0,0,0,0,0,0,0,1,0,0,0,0,0,1,0,0,0,0,0.8769631512245301,rbf,5,0.05953988642019159,0.3523739940438682,True,0.0002929815849602,0
schizo_466,1,0.8235294117647058,0.0059235095977783,0.0018239021301269,0,1,0,1,0,0,0,0,0,0,0,0,0,0,0,0,1,0,0,0,1,0,0,0,0,0,0.5681631022455211,rbf,3,scale,0.271046730778643,True,0.0016115881671011,0
schizo_466,2,0.7941176470588235,0.0050139427185058,0.0015342235565185,0,1,0,0,1,0,0,0,0,0,0,0,1,0,0,0,0,0,0,0,1,0,0,0,0,0,0.1328726128370761,linear,4,scale,-0.2202091021734925,True,0.0029995370336538,0
schizo_466,4,0.7941176470588235,0.0052247047424316,0.001516580581665,0,1,0,1,0,0,0,0,0,0,0,0,1,0,0,0,0,0,0,0,1,0,0,0,0,0,0.5736629838722587,rbf,2,auto,0.4761270420649259,True,0.0010700403220501,0
schizo_466,4,0.7941176470588235,0.0058019161224365,0.0020554065704345,0,1,0,0,1,0,0,0,0,0,0,0,1,0,0,0,0,0,0,0,1,0,0,0,0,0,4.427043087456776,sigmoid,4,scale,0.451409597911916,True,0.0005811016325021,0
schizo_466,4,0.7794117647058824,0.0045504570007324,0.001488447189331,0,1,0,0,1,0,0,0,0,0,0,0,0,0,0,0,1,0,0,0,1,0,0,0,0,0,0.5957003313976968,sigmoid,3,scale,-0.2478642077859077,True,0.0045170274862533,0
schizo_466,1,0.7794117647058824,0.0212643146514892,0.0047674179077148,0,1,0,0,1,0,0,0,0,0,0,0,0,0,0,1,0,0,0,0,0,1,0,0,0,0,4.744130823483133,sigmoid,2,scale,0.1172733108855396,True,0.0014288093909403,0
schizo_466,3,0.7647058823529411,0.0047178268432617,0.0015015602111816,0,1,0,1,0,0,0,0,0,0,0,0,0,0,0,0,1,0,0,0,1,0,0,0,0,0,0.2463166431321764,rbf,3,auto,0.1710975839904634,True,0.0041329733385008,0
schizo_466,0,0.7647058823529411,0.0049812793731689,0.001310110092163,0,1,0,0,1,0,0,0,0,0,0,0,1,0,0,0,0,0,0,0,1,0,0,0,0,0,0.1227601427673028,poly,4,auto,0.1508438239516723,True,0.0005697290273038,0
schizo_466,3,0.7647058823529411,0.0218317508697509,0.0049765110015869,0,1,0,1,0,0,0,0,0,0,0,0,0,0,0,1,0,0,0,0,0,1,0,0,0,0,0.7139756376656139,rbf,2,scale,-0.2634856300346377,False,0.0018649978496218,0
schizo_466,2,0.7647058823529411,0.0051519870758056,0.0014922618865966,0,1,0,1,0,0,0,0,0,0,0,0,1,0,0,0,0,0,0,0,1,0,0,0,0,0,0.678117673488691,rbf,4,auto,0.4994906819886139,False,0.0083402972256582,0
schizo_466,1,0.75,0.0058772563934326,0.0017557144165039,0,1,0,0,1,0,0,0,0,0,0,0,0,0,0,0,1,0,0,0,1,0,0,0,0,0,3.749781192329536,linear,2,scale,-0.0099871435167223,True,0.000134632866215,0
schizo_466,4,0.75,0.0047569274902343,0.0015239715576171,0,1,0,1,0,0,0,0,0,0,0,0,0,0,0,0,1,0,0,0,1,0,0,0,0,0,5.361966729313696,poly,4,scale,0.0375552526767623,False,0.0022115388653443,0
schizo_466,0,0.75,0.0052728652954101,0.0015435218811035,0,1,0,1,0,0,0,0,0,0,0,0,1,0,0,0,0,0,0,0,1,0,0,0,0,0,0.1237989035745386,poly,3,auto,0.1012731253704076,True,0.0028704901713552,0
schizo_466,2,0.7352941176470589,0.0206599235534667,0.0048549175262451,0,1,0,0,1,0,0,0,0,0,0,0,0,0,0,1,0,0,0,0,0,1,0,0,0,0,2.159647752141847,linear,4,auto,0.0982246836755617,True,0.000128193297302,0
glass_1005,2,0.9069767441860463,0.0017933845520019,0.0003080368041992,0,1,0,0,1,1,0,0,0,0,0,0,0,0,0,0,0,0,0,0,0,0,0,1,0,0,0.1031715947755587,sigmoid,3,auto,0.3098795764694538,True,0.0024403078856314,0
glass_1005,2,0.9069767441860463,0.0016403198242187,0.0003068447113037,0,1,0,1,0,1,0,0,0,0,0,0,0,0,0,0,0,0,0,0,0,0,0,1,0,0,2.203191836099639,poly,3,scale,0.2532360100088121,True,0.0013803482473163,0
glass_1005,2,0.9069767441860463,0.0015869140625,0.0002932548522949,0,1,1,0,0,1,0,0,0,0,0,0,0,0,0,0,0,0,0,0,0,0,0,1,0,0,2.6717433453452277,rbf,2,scale,-0.043086860139281,False,0.0003724550349128,0
glass_1005,2,0.9069767441860463,0.001572847366333,0.0003211498260498,1,0,0,0,1,1,0,0,0,0,0,0,0,0,0,0,0,0,0,0,0,0,0,1,0,0,0.8737491286719063,linear,2,0.07657543460693773,0.2006366935472263,True,0.000465221892138,0
glass_1005,2,0.9069767441860463,0.0016899108886718,0.0003049373626708,1,0,0,1,0,1,0,0,0,0,0,0,0,0,0,0,0,0,0,0,0,0,0,1,0,0,0.1577952122293458,rbf,2,scale,0.0896855285017718,False,0.0018371512130361,0
glass_1005,2,0.9069767441860463,0.0014841556549072,0.0002965927124023,1,0,1,0,0,1,0,0,0,0,0,0,0,0,0,0,0,0,0,0,0,0,0,1,0,0,0.8658590142681327,linear,4,auto,-0.0814655233120748,True,0.0010409959479376,0
glass_1005,4,0.9047619047619048,0.0027282238006591,0.0007061958312988,1,0,0,1,0,0,0,0,0,0,0,0,0,0,0,0,1,0,0,0,0,0,0,0,1,0,1.861472394995578,poly,4,scale,0.162610035878464,False,0.0067847009605411,0
glass_1005,4,0.9047619047619048,0.0027244091033935,0.0007050037384033,0,1,0,1,0,0,0,0,0,0,0,0,0,0,0,0,1,0,0,0,0,0,0,0,1,0,3.846317262993728,poly,3,auto,0.4117769610671426,False,0.0087605412676733,0
glass_1005,4,0.9047619047619048,0.0027730464935302,0.0007445812225341,1,0,1,0,0,0,0,0,0,0,0,0,0,0,0,0,1,0,0,0,0,0,0,0,1,0,3.4159105373310794,linear,3,scale,0.1610308753018437,False,0.0015649290830522,0
glass_1005,4,0.9047619047619048,0.0023777484893798,0.000612735748291,0,1,1,0,0,0,0,0,0,0,0,0,0,0,0,0,1,0,0,0,0,0,0,0,1,0,4.793750895777189,linear,3,auto,0.2645735589805739,True,0.0010025143550426,0
glass_1005,4,0.9047619047619048,0.0023715496063232,0.0006051063537597,0,1,0,0,1,0,0,0,0,0,0,0,0,0,0,0,1,0,0,0,0,0,0,0,1,0,0.3306122082826019,poly,2,0.12230040787308613,0.4110277741798944,True,0.0025135131050054,0
glass_1005,4,0.9047619047619048,0.0022683143615722,0.0006015300750732,1,0,0,0,1,0,0,0,0,0,0,0,0,0,0,0,1,0,0,0,0,0,0,0,1,0,1.853276861446012,sigmoid,4,scale,0.2241195678026385,False,0.0001032328493727,0
glass_1005,2,0.8837209302325582,0.0139505863189697,0.0030295848846435,1,0,0,1,0,0,0,0,0,0,0,0,0,0,0,1,0,0,0,1,0,0,0,0,0,0,0.3767208359087691,rbf,2,scale,0.4170484516802195,False,0.0034089510355561,0
glass_1005,2,0.8837209302325582,0.0133450031280517,0.003000259399414,0,1,1,0,0,0,0,0,0,0,0,0,0,0,0,1,0,0,0,0,0,0,0,0,0,1,0.4329482632823155,rbf,3,scale,0.1626831093791747,False,0.0001052080017828,0
glass_1005,2,0.8837209302325582,0.002718448638916,0.0007736682891845,1,0,0,1,0,0,0,0,0,0,0,0,1,0,0,0,0,0,0,0,1,0,0,0,0,0,1.053428044763827,poly,3,scale,-0.4067203055404969,False,0.0018396521089974,0
glass_1005,2,0.8837209302325582,0.0135855674743652,0.0030279159545898,1,0,1,0,0,0,0,0,0,0,0,0,0,0,0,1,0,0,0,0,1,0,0,0,0,0,0.2785813354138248,rbf,5,scale,-0.39840923845334,True,0.0002819051138157,0
glass_1005,2,0.8837209302325582,0.0029668807983398,0.0007596015930175,0,1,1,0,0,0,0,0,0,0,0,0,1,0,0,0,0,0,0,0,1,0,0,0,0,0,0.7547205671243267,sigmoid,4,scale,0.0797054195327325,True,0.0065698680789796,0
glass_1005,2,0.8837209302325582,0.0133423805236816,0.0029628276824951,0,1,0,1,0,0,0,0,0,0,0,0,0,0,0,1,0,0,0,0,0,0,0,0,1,0,0.4834542642568882,poly,3,auto,-0.2859367039295744,True,0.0004195316465542,0
glass_1005,2,0.8837209302325582,0.0141170024871826,0.0028362274169921,1,0,0,1,0,0,0,0,0,0,0,0,0,0,0,1,0,0,0,0,1,0,0,0,0,0,0.1879321209500239,poly,2,scale,-0.1194833099649048,False,0.0002711202065377,0
glass_1005,2,0.8837209302325582,0.013617992401123,0.002936840057373,1,0,1,0,0,0,0,0,0,0,0,0,0,0,0,1,0,0,0,1,0,0,0,0,0,0,0.275101491541555,sigmoid,3,auto,-0.4416823674351153,False,0.0072177071488602,0
backache_463,1,0.9444444444444444,0.0026953220367431,0.0006721019744873,0,1,1,0,0,0,0,0,0,0,0,0,1,0,0,0,0,0,0,0,1,0,0,0,0,0,2.148504431724467,sigmoid,2,auto,-0.3023948208893127,True,0.0003567298345991,0
backache_463,1,0.9444444444444444,0.0014905929565429,0.0002405643463134,1,0,1,0,0,0,0,0,0,0,1,0,0,0,0,0,0,0,0,1,0,0,0,0,0,0,0.2354355512261826,rbf,2,scale,0.2937465598369375,True,0.000854066402108,0
backache_463,1,0.9444444444444444,0.001396894454956,0.0002317428588867,1,0,1,0,0,0,0,0,0,0,0,0,0,0,0,0,0,1,0,0,0,0,1,0,0,0,0.6024475004485857,rbf,2,scale,0.689955647320326,True,0.0016259043897158,0
backache_463,1,0.9444444444444444,0.0028128623962402,0.0006711483001708,0,1,0,1,0,0,0,0,0,0,0,0,1,0,0,0,0,0,0,0,1,0,0,0,0,0,2.660097814907449,sigmoid,3,0.26268303443868435,0.6882950580203435,True,0.0032453190612107,0
backache_463,1,0.9444444444444444,0.0012423992156982,0.0002012252807617,0,1,0,1,0,0,0,0,0,0,0,0,0,0,0,0,0,1,0,0,1,0,0,0,0,0,0.5674520559811781,rbf,2,scale,0.4991856660381293,False,0.0022509319025017,0
backache_463,1,0.9444444444444444,0.002856969833374,0.0006966590881347,1,0,0,1,0,0,0,0,0,0,0,0,1,0,0,0,0,0,0,0,1,0,0,0,0,0,0.2521831707061643,rbf,2,scale,0.0636087996767942,False,0.0001116285048003,0
backache_463,1,0.9444444444444444,0.0014359951019287,0.0002892017364501,1,0,0,1,0,0,0,0,0,0,1,0,0,0,0,0,0,0,0,1,0,0,0,0,0,0,1.305412346760407,poly,3,scale,-0.3068291958419206,True,0.0095042398136214,0
backache_463,1,0.9444444444444444,0.0013439655303955,0.000211477279663,1,0,1,0,0,0,0,0,0,0,0,0,0,0,0,0,0,1,0,0,1,0,0,0,0,0,2.311789794645174,poly,4,0.05362141317603193,-0.442025786839701,False,0.0035459808085994,0
backache_463,1,0.9444444444444444,0.0013630390167236,0.0002579689025878,0,1,0,0,1,0,0,0,0,0,1,0,0,0,0,0,0,0,0,1,0,0,0,0,0,0,2.433287609490827,rbf,3,scale,-0.191558079602699,False,0.0017470030361938,0
backache_463,1,0.9444444444444444,0.0013496875762939,0.000241994857788,0,1,0,1,0,0,0,0,0,0,1,0,0,0,0,0,0,0,0,1,0,0,0,0,0,0,8.31334924787701,poly,3,auto,0.22070881790379,True,0.0010523286661155,0
backache_463,1,0.9444444444444444,0.0028040409088134,0.000711441040039,0,1,0,0,1,0,0,0,0,0,0,0,1,0,0,0,0,0,0,0,1,0,0,0,0,0,0.1060166690225183,sigmoid,3,auto,0.1309734697948003,False,0.0098174432980421,0
backache_463,1,0.9444444444444444,0.0012905597686767,0.0002191066741943,1,0,0,1,0,0,0,0,0,0,0,0,0,0,0,0,0,1,0,0,1,0,0,0,0,0,6.027164459905009,linear,3,scale,0.042394132974447,True,0.0005594838919511,0
backache_463,1,0.9444444444444444,0.0012633800506591,0.0002570152282714,0,1,0,0,1,0,0,0,0,0,0,0,0,0,0,0,0,1,0,0,1,0,0,0,0,0,0.5382927814978752,poly,2,0.15120274226146355,0.4036925191450338,False,0.0027827986845099,0
backache_463,1,0.9444444444444444,0.0030055046081542,0.000669240951538,1,0,1,0,0,0,0,0,0,0,0,0,1,0,0,0,0,0,0,0,1,0,0,0,0,0,4.717979600917385,rbf,3,scale,0.1069308007366813,True,0.006272069106619,0
backache_463,1,0.9444444444444444,0.001211404800415,0.0002534389495849,1,0,0,0,1,0,0,0,0,0,0,0,0,0,0,0,0,1,0,0,1,0,0,0,0,0,7.34125686951951,rbf,2,scale,0.1018269171376927,True,0.0001613579652052,0
backache_463,1,0.9444444444444444,0.0014338493347167,0.0002596378326416,0,1,1,0,0,0,0,0,0,0,1,0,0,0,0,0,0,0,0,1,0,0,0,0,0,0,1.0549667956881503,linear,3,0.04470671752885633,0.1643155517409688,False,0.0020999788355098,0
backache_463,1,0.9444444444444444,0.001380443572998,0.0002360343933105,1,0,0,0,1,0,0,0,0,0,1,0,0,0,0,0,0,0,0,1,0,0,0,0,0,0,3.1900909177287184,rbf,3,auto,-0.0603943546242948,True,0.0037650451869991,0
backache_463,1,0.9444444444444444,0.0012328624725341,0.0001997947692871,1,0,0,0,1,0,0,0,0,0,0,0,0,0,0,0,0,1,0,0,0,0,1,0,0,0,2.9266639649046966,linear,4,scale,-0.0955296720706303,True,0.0006930796021147,0
backache_463,1,0.9444444444444444,0.0015397071838378,0.0002286434173583,0,1,1,0,0,0,0,0,0,0,0,0,0,0,0,0,0,1,0,0,1,0,0,0,0,0,0.3028679983744117,rbf,2,scale,0.3489066552073554,False,0.0025927468461893,0
backache_463,1,0.9444444444444444,0.0012154579162597,0.0002198219299316,1,0,0,1,0,0,0,0,0,0,0,0,0,0,0,0,0,1,0,0,0,0,1,0,0,0,0.1137831645478619,rbf,4,scale,0.1392084660394832,True,0.0001811797588546,0
parkinsons_1488,2,0.9743589743589745,0.0017635822296142,0.0003235340118408,0,1,0,0,1,0,1,0,0,0,0,0,0,0,0,0,0,0,0,0,0,0,0,1,0,0,7.565178034220811,poly,2,0.8147927685866825,1.0,False,0.0001999273507093,0
parkinsons_1488,2,0.9743589743589745,0.0019624233245849,0.0003182888031005,0,1,0,0,1,0,1,0,0,0,0,0,0,0,0,0,0,0,0,0,0,0,1,0,0,0,0.267117592788731,rbf,2,0.029326868425025326,0.2893872936331488,True,0.0026908218591849,0
parkinsons_1488,2,0.9743589743589745,0.0099859237670898,0.0020437240600585,1,0,0,0,1,0,0,0,0,0,0,0,0,0,0,1,0,0,0,0,1,0,0,0,0,0,0.2755983980791668,poly,4,scale,0.4302166367616036,True,0.0001528024349116,0
parkinsons_1488,2,0.9743589743589745,0.0018796920776367,0.0003292560577392,1,0,0,0,1,0,0,0,0,0,0,1,0,0,0,0,0,0,0,0,0,0,0,0,0,1,4.787244615256203,poly,2,0.010780961927559108,0.0295522747058415,True,0.0002868932833921,0
parkinsons_1488,2,0.9743589743589745,0.0110077857971191,0.0020728111267089,0,1,1,0,0,0,0,0,0,0,0,0,0,0,0,1,0,0,0,0,0,0,1,0,0,0,8.347633113786662,linear,2,0.4999732917028623,-0.1496997908244446,True,0.000308779732386,0
parkinsons_1488,2,0.9743589743589745,0.001556396484375,0.0002827644348144,1,0,1,0,0,0,0,0,0,0,0,0,0,1,0,0,0,0,0,0,0,0,0,0,0,1,2.7728616476156325,rbf,2,scale,-0.2994649950374277,False,0.0013732190586612,0
parkinsons_1488,2,0.9743589743589745,0.0019495487213134,0.000396728515625,1,0,1,0,0,0,0,0,0,0,0,1,0,0,0,0,0,0,0,0,0,0,0,0,0,1,0.2534050489790896,poly,5,scale,-0.5105504871877196,True,0.0028989955335416,0
parkinsons_1488,2,0.9743589743589745,0.0025458335876464,0.000457763671875,0,1,0,0,1,0,0,0,0,1,0,0,0,0,0,0,0,0,0,0,0,0,0,0,1,0,0.6044014953297879,sigmoid,4,auto,0.0664151005810222,True,0.0027653677786102,0
parkinsons_1488,2,0.9743589743589745,0.0019023418426513,0.0004041194915771,0,1,0,1,0,0,0,0,0,0,0,1,0,0,0,0,0,0,0,0,0,0,0,0,1,0,5.206387718683538,rbf,5,scale,0.4588531671329897,True,0.0080207901234939,0
parkinsons_1488,2,0.9743589743589745,0.0015950202941894,0.0002779960632324,0,1,1,0,0,0,0,0,0,0,0,0,0,1,0,0,0,0,0,0,0,0,0,0,0,1,0.6217478305852754,linear,4,auto,-0.3490278502889691,False,0.000274279028229,0
parkinsons_1488,2,0.9743589743589745,0.0023021697998046,0.0004315376281738,0,1,1,0,0,0,0,0,0,0,0,1,0,0,0,0,0,0,0,0,0,0,0,0,0,1,4.251057763826906,rbf,5,auto,-0.0291271448911164,True,0.001754460822427,0
parkinsons_1488,2,0.9743589743589745,0.002211570739746,0.0008094310760498,1,0,1,0,0,0,0,0,0,0,0,0,0,0,1,0,0,0,0,0,0,0,1,0,0,0,6.35118103732296,linear,5,auto,-0.1317807238569466,False,0.0002299562982988,0
parkinsons_1488,2,0.9743589743589745,0.001746654510498,0.0003468990325927,1,0,1,0,0,0,1,0,0,0,0,0,0,0,0,0,0,0,0,0,0,0,1,0,0,0,0.141808227025206,linear,4,scale,0.0224420262684129,False,0.006418528269815,0
parkinsons_1488,2,0.9743589743589745,0.0015769004821777,0.0003094673156738,0,1,0,1,0,0,0,0,0,0,0,0,0,1,0,0,0,0,0,0,0,0,0,0,1,0,0.1021125494580285,sigmoid,3,scale,0.0736523030016475,True,0.0089354121234949,0
parkinsons_1488,2,0.9743589743589745,0.0018739700317382,0.0003526210784912,1,0,0,1,0,0,0,0,0,0,0,1,0,0,0,0,0,0,0,0,0,0,0,0,1,0,0.2170952767366158,rbf,3,scale,0.4986126787178108,True,0.0001457817219604,0
parkinsons_1488,2,0.9743589743589745,0.0025687217712402,0.0006656646728515,0,1,1,0,0,0,0,0,0,0,0,0,1,0,0,0,0,0,0,0,0,0,0,0,0,1,0.1608917232796839,rbf,2,0.6206119219143258,-0.8879750224002505,True,0.0050253958092746,0
parkinsons_1488,2,0.9743589743589745,0.0015788078308105,0.0002777576446533,1,0,0,1,0,0,0,0,0,0,0,0,0,1,0,0,0,0,0,0,0,0,0,0,1,0,0.7936418517674703,linear,2,auto,-0.4536132699785122,True,0.0008558360700833,0
parkinsons_1488,2,0.9743589743589745,0.0020947456359863,0.0003697872161865,0,1,1,0,0,0,0,0,0,1,0,0,0,0,0,0,0,0,0,0,0,0,0,0,0,1,4.37845052955248,sigmoid,4,scale,0.207064425244223,True,0.0026976343594215,0
parkinsons_1488,2,0.9743589743589745,0.0100376605987548,0.0020203590393066,0,1,1,0,0,0,0,0,0,0,0,0,0,0,0,1,0,0,0,0,0,0,0,0,0,1,0.4803408784188391,rbf,3,auto,-0.2540255426892363,False,0.0030109651487541,0
parkinsons_1488,2,0.9743589743589745,0.0111153125762939,0.0021328926086425,1,0,1,0,0,0,0,0,0,0,0,0,0,0,0,1,0,0,0,0,0,0,1,0,0,0,0.2185796836212289,sigmoid,4,scale,-0.2371787455312021,True,0.0007851023249934,0
PieChart1_1451,1,0.9361702127659576,0.0088729858398437,0.0028660297393798,1,0,0,1,0,0,0,0,0,0,0,0,1,0,0,0,0,0,0,0,0,0,0,0,0,1,0.3728170074695326,rbf,5,scale,-0.0950908798258561,True,0.0013794536155121,0
PieChart1_1451,1,0.9361702127659576,0.0041658878326416,0.0009217262268066,1,0,0,1,0,1,0,0,0,0,0,0,0,0,0,0,0,0,0,0,1,0,0,0,0,0,0.4943029963185923,linear,3,auto,-0.2332122577371307,True,0.0001996289377535,0
PieChart1_1451,1,0.9361702127659576,0.0085780620574951,0.0020356178283691,1,0,0,1,0,0,0,0,0,0,0,1,0,0,0,0,0,0,0,0,0,0,0,0,0,1,0.6950043847018241,poly,3,scale,-0.2232035918203697,True,0.0091220040684339,0
PieChart1_1451,3,0.9361702127659576,0.0068886280059814,0.0014789104461669,1,0,0,1,0,0,0,0,0,0,0,1,0,0,0,0,0,0,0,0,0,0,0,0,0,1,0.4109136749758865,poly,2,0.8562588044807673,0.2283595231347684,True,0.0081677984836597,0
PieChart1_1451,1,0.9361702127659576,0.0042803287506103,0.0009751319885253,1,0,0,1,0,1,0,0,0,0,0,0,0,0,0,0,0,0,0,0,0,0,0,0,0,1,0.5499058200083138,rbf,2,scale,-0.483661959641223,True,0.0094661812871163,0
PieChart1_1451,3,0.9361702127659576,0.0053794384002685,0.0009677410125732,1,0,0,1,0,1,0,0,0,0,0,0,0,0,0,0,0,0,0,0,0,0,0,0,0,1,0.511914495635034,sigmoid,4,scale,-0.3254439725582317,False,0.0018320819233441,0
PieChart1_1451,1,0.9361702127659576,0.0075471401214599,0.0018606185913085,1,0,0,1,0,0,0,0,0,1,0,0,0,0,0,0,0,0,0,0,0,0,0,0,0,1,0.1493420477320986,sigmoid,2,auto,0.170222238375395,True,0.0060460360023484,0
PieChart1_1451,3,0.9361702127659576,0.006523847579956,0.0016970634460449,1,0,0,1,0,0,0,0,0,1,0,0,0,0,0,0,0,0,0,0,0,0,0,0,0,1,3.599671147886675,sigmoid,2,auto,0.7141758604411161,True,0.0005211952314939,0
PieChart1_1451,1,0.9361702127659576,0.0051281452178955,0.0012657642364501,1,0,0,1,0,0,0,0,0,0,0,0,0,1,0,0,0,0,0,0,0,0,0,0,0,1,0.160619930082776,poly,4,auto,0.4010829040462662,True,0.000185366598374,0
PieChart1_1451,3,0.9361702127659576,0.0048410892486572,0.0011379718780517,1,0,0,1,0,0,0,0,0,0,0,0,0,1,0,0,0,0,0,0,0,0,0,0,0,1,0.2097389923285592,linear,4,scale,-0.2637220179649439,True,0.0001793314621572,0
PieChart1_1451,1,0.9361702127659576,0.0038657188415527,0.0008845329284667,1,0,0,1,0,0,0,0,0,0,0,0,0,0,0,0,0,0,1,0,0,0,0,0,0,1,1.870612635624124,poly,4,0.2278093274604747,-0.0885009638037863,False,0.002346349728622,0
PieChart1_1451,3,0.9361702127659576,0.007514476776123,0.0015966892242431,0,1,1,0,0,0,0,0,0,1,0,0,0,0,0,0,0,0,0,0,0,0,0,0,1,0,1.8729080131579967,poly,3,scale,-0.0790323216484811,False,0.0096494625545171,0
PieChart1_1451,3,0.9361702127659576,0.0043268203735351,0.0008180141448974,0,1,1,0,0,1,0,0,0,0,0,0,0,0,0,0,0,0,0,0,0,0,0,0,1,0,3.2966222997779946,linear,4,auto,-0.4149266270315389,True,0.0003561178053207,0
PieChart1_1451,1,0.9361702127659576,0.0064537525177001,0.0017740726470947,0,1,0,1,0,0,1,0,0,0,0,0,0,0,0,0,0,0,0,0,0,0,0,1,0,0,2.907695849406585,sigmoid,5,auto,0.0384401629198651,False,0.0014642193366974,0
PieChart1_1451,1,0.9361702127659576,0.0045998096466064,0.0008637905120849,0,1,0,1,0,1,0,0,0,0,0,0,0,0,0,0,0,0,0,1,0,0,0,0,0,0,8.477906246526333,sigmoid,3,scale,-0.2830061692695775,True,0.004117058480106,0
PieChart1_1451,3,0.9361702127659576,0.0042383670806884,0.0007898807525634,0,1,0,0,1,1,0,0,0,0,0,0,0,0,0,0,0,0,0,0,0,0,0,0,1,0,0.9378201859988998,poly,3,scale,-0.3036747164351434,False,0.0003141808405147,0
PieChart1_1451,3,0.9361702127659576,0.0098483562469482,0.0029873847961425,1,0,0,1,0,0,0,0,0,0,0,0,1,0,0,0,0,0,0,0,0,0,0,0,0,1,7.023298923124375,linear,4,0.17535637104694937,0.2691802960201687,True,0.0013353333816538,0
PieChart1_1451,3,0.9361702127659576,0.0042145252227783,0.0008296966552734,1,0,0,1,0,1,0,0,0,0,0,0,0,0,0,0,0,0,0,1,0,0,0,0,0,0,2.117841740887315,rbf,4,0.08639779912175136,-0.068999710570669,True,0.0001598782707757,0
PieChart1_1451,1,0.9361702127659576,0.0138185024261474,0.0049707889556884,0,1,0,1,0,0,0,0,0,0,0,0,0,0,0,0,1,0,0,0,0,0,0,1,0,0,1.3669789519116895,sigmoid,2,scale,-0.0703103913419334,False,0.0025553105063917,0
PieChart1_1451,3,0.9361702127659576,0.0049920082092285,0.0011103153228759,0,1,1,0,0,0,0,0,0,0,0,0,0,1,0,0,0,0,0,0,0,0,0,0,1,0,0.1423138305104084,sigmoid,3,scale,-0.6055346309570582,True,0.0011887053677992,0
bridges_327,0,0.9523809523809524,0.0018486976623535,0.0002439022064208,0,1,0,1,0,0,1,0,0,0,0,0,0,0,0,0,0,0,0,0,0,1,0,0,0,0,0.2504459331581745,rbf,3,auto,0.0895221862951809,True,0.0001428398078604,0
bridges_327,0,0.9047619047619048,0.0015063285827636,0.0002009868621826,0,1,0,0,1,0,0,0,0,0,1,0,0,0,0,0,0,0,0,0,0,0,1,0,0,0,2.47192426614359,rbf,4,scale,0.0242398830872988,False,0.0034093926960578,0
bridges_327,0,0.9047619047619048,0.0018906593322753,0.0002427101135253,0,1,0,1,0,0,1,0,0,0,0,0,0,0,0,0,0,0,0,0,0,0,0,1,0,0,3.797444576278987,rbf,2,auto,-0.4291288527783349,True,0.0013710175027459,0
bridges_327,0,0.9047619047619048,0.0018367767333984,0.0002315044403076,0,1,0,1,0,0,1,0,0,0,0,0,0,0,0,0,0,0,0,0,0,0,0,0,0,1,1.1883739642444684,poly,2,0.26084932360994784,0.0493321569194436,False,0.0037825151639875,0
bridges_327,0,0.9047619047619048,0.0015830993652343,0.0002069473266601,0,1,0,0,1,0,0,0,0,0,0,0,0,1,0,0,0,0,0,0,0,0,0,0,0,1,0.5523763960831501,rbf,4,scale,0.1652867854011619,False,0.0013293769984716,0
bridges_327,0,0.9047619047619048,0.002021312713623,0.0002381801605224,0,1,0,0,1,0,0,0,0,0,0,1,0,0,0,0,0,0,0,0,0,0,0,0,0,1,6.993191452281565,poly,4,auto,-0.1287317226777739,False,0.001582841807143,0
bridges_327,0,0.9047619047619048,0.0020461082458496,0.0002667903900146,0,1,0,0,1,0,0,0,0,1,0,0,0,0,0,0,0,0,0,0,0,0,0,0,0,1,8.255120969403501,linear,2,auto,-0.3260838833079557,True,0.0002223016558738,0
bridges_327,0,0.9047619047619048,0.0015385150909423,0.0002205371856689,0,1,0,0,1,0,0,0,0,0,1,0,0,0,0,0,0,0,0,0,0,0,0,1,0,0,0.16155393683823,rbf,3,scale,0.0175878163081553,True,0.0002978506634231,0
bridges_327,0,0.8571428571428571,0.0013971328735351,0.0001943111419677,0,1,0,0,1,0,0,0,0,0,1,0,0,0,0,0,0,0,0,0,0,0,0,0,1,0,2.8253869122779105,rbf,4,scale,-0.1555551352517331,True,0.0051263160254383,0
bridges_327,0,0.8571428571428571,0.0016481876373291,0.0002739429473876,0,1,0,0,1,0,0,0,0,0,0,0,0,0,1,0,0,0,0,1,0,0,0,0,0,0,4.005376303123458,linear,4,0.011105441536445238,0.1839981986639156,True,0.0018160916465976,0
bridges_327,0,0.8571428571428571,0.0047037601470947,0.0009036064147949,0,1,0,1,0,0,0,0,0,0,0,0,1,0,0,0,0,0,0,0,0,0,0,0,1,0,0.3174332546665785,linear,5,scale,-0.6387581955199646,True,0.0003181923107168,0
bridges_327,0,0.8571428571428571,0.0028953552246093,0.0003893375396728,0,1,0,0,1,0,0,0,0,0,0,0,1,0,0,0,0,0,0,0,0,0,0,0,1,0,0.8952915063172758,poly,2,auto,-0.1677111061376467,True,0.0019576408887167,0
bridges_327,0,0.8571428571428571,0.002457857131958,0.0005347728729248,0,1,0,1,0,0,0,0,0,0,0,0,0,0,1,0,0,0,0,0,0,0,0,1,0,0,3.5759870547091213,sigmoid,2,scale,0.0945022672803948,False,0.0048849353728795,0
bridges_327,0,0.8571428571428571,0.0013620853424072,0.0002031326293945,0,1,0,0,1,0,0,0,0,0,0,0,0,0,0,0,0,0,1,0,0,0,0,0,0,1,5.900931244830841,rbf,3,scale,0.2792114917749308,True,0.0001259627594664,0
bridges_327,0,0.8571428571428571,0.0029165744781494,0.0004360675811767,0,1,0,0,1,0,0,0,0,0,0,0,1,0,0,0,0,0,0,0,0,0,0,0,0,1,7.295435891673865,rbf,5,scale,-0.3265577064247083,True,0.0007127654262803,0
bridges_327,0,0.8571428571428571,0.0014512538909912,0.0002007484436035,0,1,0,0,1,0,0,0,0,0,1,0,0,0,0,0,0,0,0,0,0,0,0,0,0,1,0.1226178887508845,linear,3,0.8959836824551862,-0.2554984931630717,True,0.0046198269489609,0
bridges_327,0,0.8571428571428571,0.0014150142669677,0.0001978874206542,0,1,0,0,1,0,0,0,0,0,1,0,0,0,0,0,0,0,0,1,0,0,0,0,0,0,0.1285873700710579,rbf,3,auto,-0.0271496533749371,True,0.0012977670195492,0
bridges_327,0,0.8571428571428571,0.0026085376739501,0.0005786418914794,0,1,0,1,0,0,0,0,0,0,0,0,0,0,1,0,0,0,0,1,0,0,0,0,0,0,0.209989074217232,rbf,2,0.0281825217024922,-0.5675542431774323,True,0.0004775282706319,0
bridges_327,0,0.8571428571428571,0.0015888214111328,0.0002131462097167,0,1,0,1,0,1,0,0,0,0,0,0,0,0,0,0,0,0,0,1,0,0,0,0,0,0,0.4417594461761381,linear,2,0.10226330067229447,0.2502624016087547,False,0.008849508616596,0
bridges_327,0,0.8571428571428571,0.0015652179718017,0.0002083778381347,0,1,0,0,1,1,0,0,0,0,0,0,0,0,0,0,0,0,0,0,0,1,0,0,0,0,0.9185566521823594,sigmoid,4,scale,-0.2752479450838837,False,0.0003668860728429,0
bwin_amlb_45717,2,0.7169811320754716,0.0095906257629394,0.0033683776855468,0,1,0,0,1,0,0,0,0,0,0,0,0,0,1,0,0,0,0,0,0,0,0,1,0,0,0.2839908368813462,sigmoid,4,auto,-0.2649565898855535,True,0.0012298562889047,0
bwin_amlb_45717,2,0.7169811320754716,0.0099489688873291,0.003458023071289,1,0,0,0,1,0,0,0,0,0,0,0,0,0,1,0,0,0,0,0,0,0,0,1,0,0,3.013183233091533,poly,2,scale,-0.0954145712092206,False,0.0087103297725752,0
bwin_amlb_45717,2,0.7169811320754716,0.009678840637207,0.0034346580505371,1,0,1,0,0,0,0,0,0,0,0,0,0,0,1,0,0,0,0,0,0,0,0,1,0,0,4.703881474901449,rbf,2,0.08562023571452704,-0.0800604232742425,False,0.0007828545599295,0
bwin_amlb_45717,2,0.7169811320754716,0.0102453231811523,0.003375768661499,0,1,1,0,0,0,0,0,0,0,0,0,0,0,1,0,0,0,0,0,0,0,0,1,0,0,2.2154776578772166,rbf,2,scale,0.4908523872475933,True,0.0053558638540205,0
bwin_amlb_45717,2,0.7169811320754716,0.0096118450164794,0.0034868717193603,1,0,0,1,0,0,0,0,0,0,0,0,0,0,1,0,0,0,0,0,0,0,0,1,0,0,0.2229816631967096,sigmoid,3,auto,0.0915365092165044,False,0.0005818585499662,0
bwin_amlb_45717,2,0.7169811320754716,0.0096373558044433,0.0035479068756103,0,1,0,1,0,0,0,0,0,0,0,0,0,0,1,0,0,0,0,0,0,0,0,1,0,0,0.2541473712839149,poly,2,scale,0.1645469531356433,True,0.0002065144579304,0
bwin_amlb_45717,2,0.7075471698113207,0.0091421604156494,0.0030617713928222,1,0,0,0,1,0,0,0,0,0,0,0,0,0,1,0,0,0,0,0,0,0,0,0,1,0,0.8174352348133878,poly,3,0.061242012026858667,0.1802424061801703,True,0.000379826079614,0
bwin_amlb_45717,2,0.7075471698113207,0.0093231201171875,0.0030851364135742,1,0,1,0,0,0,0,0,0,0,0,0,0,0,1,0,0,0,0,0,0,0,0,0,1,0,1.0969768429148474,rbf,2,scale,0.2280674059761913,False,0.0003440645856181,0
bwin_amlb_45717,2,0.7075471698113207,0.0092689990997314,0.003157615661621,1,0,0,1,0,0,0,0,0,0,0,0,0,0,1,0,0,0,0,0,0,0,0,0,1,0,0.4003344518520516,poly,3,0.052550365190012376,0.1880534393010854,False,0.0077222639138596,0
bwin_amlb_45717,2,0.7075471698113207,0.0090734958648681,0.003014326095581,0,1,1,0,0,0,0,0,0,0,0,0,0,0,1,0,0,0,0,0,0,0,0,0,1,0,0.6891474076523398,rbf,3,auto,0.0375203681892466,False,0.0017265439300869,0
bwin_amlb_45717,2,0.7075471698113207,0.0094907283782958,0.00321626663208,0,1,0,1,0,0,0,0,0,0,0,0,0,0,1,0,0,0,0,0,0,0,0,0,1,0,1.3867671371717627,poly,3,0.10154022234451976,-0.023781752865901,False,0.0010776966121722,0
bwin_amlb_45717,2,0.7075471698113207,0.0093007087707519,0.0031507015228271,0,1,0,0,1,0,0,0,0,0,0,0,0,0,1,0,0,0,0,0,0,0,0,0,1,0,0.5524898727274844,poly,3,0.31879899016731955,0.6046938827400363,False,0.0001721747003434,0
bwin_amlb_45717,2,0.6981132075471698,0.0055367946624755,0.0012898445129394,1,0,0,1,0,0,0,0,0,0,1,0,0,0,0,0,0,0,0,1,0,0,0,0,0,0,8.53367916329442,linear,4,scale,0.8453075810980889,False,0.0003159236731309,0
bwin_amlb_45717,0,0.6981132075471698,0.0080859661102294,0.0018372535705566,1,0,0,1,0,0,0,0,0,0,0,0,0,1,0,0,0,0,0,0,0,0,0,0,1,0,7.453130666557645,sigmoid,3,scale,-0.2674610612121577,False,0.0003007942275867,0
bwin_amlb_45717,2,0.6981132075471698,0.0095229148864746,0.0019533634185791,1,0,0,1,0,0,0,0,0,0,0,1,0,0,0,0,0,0,0,0,0,0,0,0,1,0,0.5143259323446877,poly,4,0.21119464442055402,-0.0015628667530217,False,0.0005358125417261,0
bwin_amlb_45717,0,0.6981132075471698,0.0091009140014648,0.0023329257965087,1,0,0,1,0,0,0,0,0,0,0,1,0,0,0,0,0,0,0,0,0,0,0,0,1,0,3.342046239834408,linear,4,auto,0.2464090312299925,False,0.0008610371382399,0
bwin_amlb_45717,2,0.6981132075471698,0.0058460235595703,0.0016491413116455,1,0,0,1,0,0,1,0,0,0,0,0,0,0,0,0,0,0,0,0,0,0,0,0,1,0,0.2927393565958945,rbf,3,scale,0.3807167359519197,True,0.0001926785703162,0
bwin_amlb_45717,2,0.6981132075471698,0.0111360549926757,0.0041592121124267,0,1,1,0,0,0,0,0,0,0,0,0,0,0,0,0,1,0,0,1,0,0,0,0,0,0,3.081091054041518,linear,2,scale,0.0588439839756716,True,0.0015551492331721,0
bwin_amlb_45717,0,0.6981132075471698,0.0056829452514648,0.0014734268188476,0,1,1,0,0,1,0,0,0,0,0,0,0,0,0,0,0,0,0,1,0,0,0,0,0,0,2.7733964527766277,linear,2,scale,-0.5144915774187658,False,0.0004102079184287,0
bwin_amlb_45717,2,0.6981132075471698,0.0050961971282958,0.0013635158538818,0,1,1,0,0,0,0,1,0,0,0,0,0,0,0,0,0,0,0,1,0,0,0,0,0,0,0.2718883447502706,rbf,4,0.08730131822241266,0.0332580208385226,False,0.0014603401220014,0
analcatdata_authorship_458,3,1.0,0.0115034580230712,0.0036871433258056,0,1,1,0,0,0,0,0,0,0,0,1,0,0,0,0,0,0,0,0,0,0,0,1,0,0,3.1600889082303305,poly,3,auto,-0.0202817769760892,True,0.0015667277948394,0
analcatdata_authorship_458,2,1.0,0.0070879459381103,0.0018658638000488,0,1,1,0,0,0,0,0,0,0,1,0,0,0,0,0,0,0,0,0,0,0,1,0,0,0,0.1081913586529972,rbf,2,scale,0.3117109359314507,True,0.0001175433631311,0
analcatdata_authorship_458,4,1.0,0.0082519054412841,0.0024857521057128,0,1,1,0,0,0,0,0,0,0,1,0,0,0,0,0,0,0,0,0,0,0,1,0,0,0,2.540101301824885,rbf,3,auto,0.4010304386056558,False,0.0004213834567193,0
analcatdata_authorship_458,2,1.0,0.0176393985748291,0.0055859088897705,0,1,1,0,0,0,0,0,0,1,0,0,0,0,0,0,0,0,0,0,0,0,1,0,0,0,0.1784318669287557,rbf,3,0.21133147566067154,0.0875281449757783,False,0.0002758207755469,0
analcatdata_authorship_458,3,1.0,0.0177931785583496,0.0055756568908691,0,1,1,0,0,0,0,0,0,1,0,0,0,0,0,0,0,0,0,0,0,0,1,0,0,0,0.598370505650172,rbf,3,scale,-0.1088489675040366,True,0.0001432791921401,0
analcatdata_authorship_458,4,1.0,0.0176327228546142,0.005648136138916,0,1,1,0,0,0,0,0,0,1,0,0,0,0,0,0,0,0,0,0,0,0,1,0,0,0,0.2269994747233532,rbf,2,scale,0.674620653742606,False,0.006544999219829,0
analcatdata_authorship_458,2,1.0,0.0108263492584228,0.0034472942352294,0,1,1,0,0,0,0,0,0,0,0,1,0,0,0,0,0,0,0,0,0,0,0,1,0,0,0.222322189114522,linear,3,scale,-0.3342339479426565,False,0.0003427995238038,0
analcatdata_authorship_458,4,1.0,0.0105037689208984,0.0034124851226806,0,1,1,0,0,0,0,0,0,0,0,1,0,0,0,0,0,0,0,0,0,0,0,1,0,0,0.8677228897663707,linear,4,0.03643394554256743,-0.4797680218699894,False,0.0027654331196226,0
analcatdata_authorship_458,2,1.0,0.0167884826660156,0.0054934024810791,0,1,1,0,0,0,0,0,0,0,0,0,0,1,0,0,0,0,0,0,0,0,0,1,0,0,7.516501635784115,rbf,2,scale,-0.128934842388561,False,0.0094932729026754,0
analcatdata_authorship_458,3,1.0,0.0178768634796142,0.0058827400207519,0,1,1,0,0,0,0,0,0,0,0,0,0,1,0,0,0,0,0,0,0,0,0,1,0,0,1.2230157950362053,rbf,5,0.5807650275356309,0.2686394266019967,True,0.0006937840054722,0
analcatdata_authorship_458,4,1.0,0.0177457332611084,0.0053248405456542,0,1,1,0,0,0,0,0,0,0,0,0,0,1,0,0,0,0,0,0,0,0,0,1,0,0,0.3444349990671284,linear,4,auto,0.0949124587955125,False,0.0009379649076293,0
analcatdata_authorship_458,3,1.0,0.1791355609893798,0.0794339179992675,0,1,1,0,0,0,0,0,0,0,0,0,0,0,1,0,0,0,0,0,0,0,0,1,0,0,5.865401254107192,rbf,4,scale,0.2106733195023005,False,0.0002167357329058,0
analcatdata_authorship_458,4,1.0,0.1740434169769287,0.063159704208374,0,1,1,0,0,0,0,0,0,0,0,0,0,0,1,0,0,0,0,0,0,0,0,1,0,0,0.5530685271250653,poly,3,auto,0.0271417187087757,False,0.0032389829706128,0
analcatdata_authorship_458,2,1.0,0.0513112545013427,0.0105552673339843,0,1,1,0,0,0,1,0,0,0,0,0,0,0,0,0,0,0,0,0,0,0,0,1,0,0,0.1251485654357315,rbf,3,0.2903100490862344,-0.0784309298324003,True,0.0073717073404655,0
analcatdata_authorship_458,3,1.0,0.0478191375732421,0.0082998275756835,0,1,1,0,0,0,1,0,0,0,0,0,0,0,0,0,0,0,0,0,0,0,0,1,0,0,3.0308657642859016,linear,3,scale,-0.4871497668042313,True,0.0071851208478214,0
analcatdata_authorship_458,2,1.0,0.0054056644439697,0.0016219615936279,1,0,1,0,0,0,0,0,0,0,1,0,0,0,0,0,0,0,0,0,1,0,0,0,0,0,0.2195339475464542,sigmoid,3,auto,-0.1608215012006348,True,0.0008743090197329,0
analcatdata_authorship_458,3,1.0,0.0054082870483398,0.0018286705017089,1,0,1,0,0,0,0,0,0,0,1,0,0,0,0,0,0,0,0,0,1,0,0,0,0,0,3.5082774170376525,poly,3,auto,0.2494141405414933,False,0.0015983854695398,0
analcatdata_authorship_458,0,1.0,0.0183086395263671,0.0038237571716308,1,0,1,0,0,0,0,0,0,1,0,0,0,0,0,0,0,0,0,0,1,0,0,0,0,0,3.4350805473764705,poly,4,scale,-0.4586726711788931,False,0.0043663587256881,0
analcatdata_authorship_458,2,1.0,0.0125792026519775,0.0037107467651367,1,0,1,0,0,0,0,0,0,1,0,0,0,0,0,0,0,0,0,0,1,0,0,0,0,0,1.203132094738259,sigmoid,5,auto,-0.1757061910424245,False,0.0025544537177042,0
analcatdata_authorship_458,3,1.0,0.0127463340759277,0.0037822723388671,1,0,1,0,0,0,0,0,0,1,0,0,0,0,0,0,0,0,0,0,1,0,0,0,0,0,1.3586105937659634,poly,5,auto,-0.0821876662823005,True,0.0004641431767478,0
Loan-Predication_43595,2,0.8455284552845529,0.0036549568176269,0.0010576248168945,0,1,0,1,0,0,0,0,0,0,0,0,0,0,0,0,0,1,0,0,1,0,0,0,0,0,0.4117164245399849,sigmoid,3,scale,0.1501202148413414,True,0.0067228792856958,0
Loan-Predication_43595,2,0.8455284552845529,0.0032770633697509,0.0009629726409912,0,1,0,1,0,0,0,0,1,0,0,0,0,0,0,0,0,0,0,0,1,0,0,0,0,0,0.134737310040152,poly,2,auto,-0.0275143187837976,False,0.0028028178867369,0
Loan-Predication_43595,2,0.8455284552845529,0.0779929161071777,0.0186145305633544,0,1,0,0,1,0,0,0,0,0,0,0,0,0,0,1,0,0,0,0,0,0,0,0,0,1,0.1442428903436354,rbf,3,scale,0.0220576110358534,False,0.004358956878153,0
Loan-Predication_43595,2,0.8455284552845529,0.0035734176635742,0.0009796619415283,0,1,0,0,1,0,0,0,0,0,1,0,0,0,0,0,0,0,0,0,0,0,0,0,0,1,0.3383072303033556,rbf,2,scale,0.013830249859646,False,0.0002441001795141,0
Loan-Predication_43595,2,0.8455284552845529,0.0034949779510498,0.0009620189666748,0,1,0,1,0,0,0,0,0,0,0,0,0,0,0,0,0,1,0,0,0,0,0,0,0,1,0.4839275896937223,poly,2,auto,-0.0541679814720941,True,0.0010089971332852,0
Loan-Predication_43595,2,0.8455284552845529,0.003162145614624,0.0008888244628906,0,1,0,0,1,0,0,0,0,0,0,0,0,0,0,0,0,1,0,0,0,0,0,0,0,1,8.110702110798574,rbf,2,0.07533572591801879,0.3089216276643294,True,0.0036586277737867,0
Loan-Predication_43595,2,0.8455284552845529,0.0033018589019775,0.0009257793426513,0,1,0,0,1,0,0,0,0,0,0,0,0,0,0,0,0,1,0,0,0,0,0,1,0,0,9.655357201533944,sigmoid,4,scale,0.3806108970537906,False,0.001671991026755,0
Loan-Predication_43595,2,0.8455284552845529,0.0036120414733886,0.0010204315185546,0,1,0,1,0,0,0,0,0,0,0,0,0,0,0,0,0,1,0,1,0,0,0,0,0,0,0.1428094333509291,rbf,3,scale,0.5053791607305022,True,0.0026155162247873,0
Loan-Predication_43595,2,0.8455284552845529,0.081963300704956,0.0188679695129394,0,1,0,0,1,0,0,0,0,0,0,0,0,0,0,1,0,0,0,0,0,0,1,0,0,0,0.3045322077420023,sigmoid,4,auto,0.0638191591728319,True,0.0024903848257209,0
Loan-Predication_43595,2,0.8455284552845529,0.0857625007629394,0.0198268890380859,0,1,0,1,0,0,0,0,0,0,0,0,0,0,0,1,0,0,0,0,1,0,0,0,0,0,0.1064485696823789,poly,4,0.06970451014168019,-0.3562201342818492,True,0.0001025883113786,0
Loan-Predication_43595,2,0.8455284552845529,0.0058083534240722,0.0012280941009521,0,1,0,0,1,0,0,0,0,0,0,1,0,0,0,0,0,0,0,1,0,0,0,0,0,0,1.6931896657639802,rbf,3,0.01370141252958237,0.4551373552320107,True,0.0015281006441437,0
Loan-Predication_43595,2,0.8455284552845529,0.0769047737121582,0.0184152126312255,0,1,0,0,1,0,0,0,0,0,0,0,0,0,0,1,0,0,0,0,1,0,0,0,0,0,2.665763332008523,sigmoid,2,scale,0.1340419123144583,False,0.0030379282460593,0
Loan-Predication_43595,2,0.8455284552845529,0.0034496784210205,0.0009901523590087,0,1,0,0,1,0,0,0,0,0,1,0,0,0,0,0,0,0,0,0,1,0,0,0,0,0,0.2992517857303167,linear,3,scale,-0.0049841758157876,True,0.0004042946708492,0
Loan-Predication_43595,2,0.8455284552845529,0.0063261985778808,0.0013186931610107,0,1,0,0,1,0,0,0,0,0,0,0,0,1,0,0,0,0,0,1,0,0,0,0,0,0,0.1918863776279664,rbf,2,auto,-0.1186204787470944,True,0.0010286974942946,0
Loan-Predication_43595,2,0.8455284552845529,0.0034878253936767,0.0010230541229248,0,1,0,0,1,0,0,0,0,0,0,0,0,0,0,0,0,1,0,1,0,0,0,0,0,0,0.120097944330876,sigmoid,2,0.021319297148359295,-0.0845010656081676,True,0.0006095390834945,0
Loan-Predication_43595,2,0.8455284552845529,0.0031957626342773,0.0009493827819824,0,1,0,0,1,0,0,0,1,0,0,0,0,0,0,0,0,0,0,0,1,0,0,0,0,0,2.359344861773051,rbf,2,auto,0.2178861368587852,False,0.0010288278070842,0
Loan-Predication_43595,2,0.8455284552845529,0.003394603729248,0.0009317398071289,0,1,0,0,1,0,0,0,0,0,0,0,0,0,0,0,0,1,0,0,1,0,0,0,0,0,0.8178639815540097,linear,2,0.10021200696326336,0.8779962072942545,True,0.0074376601242698,0
Loan-Predication_43595,2,0.8455284552845529,0.0805573463439941,0.0197503566741943,0,1,0,0,1,0,0,0,0,0,0,0,0,0,0,1,0,0,0,1,0,0,0,0,0,0,4.243598095746309,rbf,3,scale,0.2337689439029309,False,0.0009091855808603,0
Loan-Predication_43595,2,0.8455284552845529,0.0098164081573486,0.0029714107513427,0,1,0,0,1,0,0,0,0,0,0,0,0,0,0,0,1,0,0,1,0,0,0,0,0,0,2.458256690042564,linear,2,auto,0.0746713166629408,True,0.0004448562348753,0
Loan-Predication_43595,2,0.8455284552845529,0.0280826091766357,0.0059828758239746,0,1,0,0,1,0,0,0,0,0,0,0,1,0,0,0,0,0,0,1,0,0,0,0,0,0,2.5411755943469454,poly,2,0.05167511641773218,0.6874282076542473,True,0.0033390458614718,0
xd6_40693,4,1.0,0.0195236206054687,0.0038068294525146,0,1,0,0,1,0,0,0,0,1,0,0,0,0,0,0,0,0,0,0,0,0,0,1,0,0,1.0974182550852636,rbf,2,auto,0.3127192930805014,True,0.002639160895096,0
xd6_40693,0,1.0,0.0126674175262451,0.003324270248413,1,0,1,0,0,0,0,0,0,0,0,1,0,0,0,0,0,0,0,0,1,0,0,0,0,0,3.041531230739661,poly,3,scale,0.1662716863683929,False,0.0006485991155735,0
xd6_40693,1,1.0,0.012150764465332,0.003096580505371,1,0,1,0,0,0,0,0,0,0,0,1,0,0,0,0,0,0,0,0,1,0,0,0,0,0,1.9181805926577964,linear,3,auto,-0.0884832682555029,False,0.0038485219649636,0
xd6_40693,2,1.0,0.0115454196929931,0.0029373168945312,1,0,1,0,0,0,0,0,0,0,0,1,0,0,0,0,0,0,0,0,1,0,0,0,0,0,0.4058053775302166,rbf,3,scale,0.6073345550088807,False,0.0001019508981542,0
xd6_40693,3,1.0,0.0116963386535644,0.0030264854431152,1,0,1,0,0,0,0,0,0,0,0,1,0,0,0,0,0,0,0,0,1,0,0,0,0,0,8.591589618662173,rbf,3,auto,-0.1798681897456578,False,0.0073598838127856,0
xd6_40693,4,1.0,0.0124385356903076,0.0031173229217529,1,0,1,0,0,0,0,0,0,0,0,1,0,0,0,0,0,0,0,0,1,0,0,0,0,0,1.7271394041546853,poly,2,scale,-0.0766659317586391,True,0.0021943287869825,0
xd6_40693,0,1.0,0.0108644962310791,0.0022554397583007,1,0,1,0,0,0,0,0,0,0,0,0,0,1,0,0,0,0,0,0,1,0,0,0,0,0,7.050961746210647,rbf,4,scale,0.118534658891364,False,0.0019558915025259,0
xd6_40693,1,1.0,0.0111680030822753,0.0022547245025634,1,0,1,0,0,0,0,0,0,0,0,0,0,1,0,0,0,0,0,0,1,0,0,0,0,0,8.387485686449072,poly,3,scale,0.2617048379722878,True,0.0032495645883556,0
xd6_40693,2,1.0,0.010876178741455,0.0022854804992675,1,0,1,0,0,0,0,0,0,0,0,0,0,1,0,0,0,0,0,0,1,0,0,0,0,0,0.4794274161145899,linear,3,auto,0.6429826402291662,True,0.0002989882400806,0
xd6_40693,3,1.0,0.0109713077545166,0.0022716522216796,1,0,1,0,0,0,0,0,0,0,0,0,0,1,0,0,0,0,0,0,1,0,0,0,0,0,6.137394619956058,sigmoid,3,scale,0.1227592942652367,False,0.0002151306279703,0
xd6_40693,4,1.0,0.0117015838623046,0.0023434162139892,1,0,1,0,0,0,0,0,0,0,0,0,0,1,0,0,0,0,0,0,1,0,0,0,0,0,0.7923197934669248,rbf,4,auto,-0.0210690795626046,True,0.0052685461367732,0
xd6_40693,0,1.0,0.0112895965576171,0.0023066997528076,1,0,1,0,0,0,1,0,0,0,0,0,0,0,0,0,0,0,0,0,1,0,0,0,0,0,6.152768301606421,sigmoid,2,auto,0.034838065137888,True,0.0069463625715803,0
xd6_40693,1,1.0,0.0108616352081298,0.002284288406372,1,0,1,0,0,0,1,0,0,0,0,0,0,0,0,0,0,0,0,0,1,0,0,0,0,0,1.8995567351100635,sigmoid,3,auto,0.2616103737287779,False,0.0014661431405135,0
xd6_40693,2,1.0,0.0112464427947998,0.0022051334381103,1,0,1,0,0,0,1,0,0,0,0,0,0,0,0,0,0,0,0,0,1,0,0,0,0,0,0.3573075205710977,rbf,5,0.029075069876265347,0.3665122081662398,True,0.0008930172790088,0
xd6_40693,3,1.0,0.0105814933776855,0.0021464824676513,1,0,1,0,0,0,1,0,0,0,0,0,0,0,0,0,0,0,0,0,1,0,0,0,0,0,6.076033571629646,linear,3,auto,-0.2185704481829818,True,0.0041857177738711,0
xd6_40693,4,1.0,0.0116140842437744,0.0023746490478515,1,0,1,0,0,0,1,0,0,0,0,0,0,0,0,0,0,0,0,0,1,0,0,0,0,0,3.7951518500728345,rbf,3,auto,-0.1475531823489289,True,0.0023048109249956,0
xd6_40693,3,1.0,0.018312931060791,0.0036079883575439,0,1,0,0,1,0,0,0,0,1,0,0,0,0,0,0,0,0,0,0,0,0,0,1,0,0,0.3844253578340197,sigmoid,4,auto,-0.1026206154625136,False,0.0005221952237088,0
xd6_40693,2,1.0,0.0183444023132324,0.003596544265747,0,1,0,0,1,0,0,0,0,1,0,0,0,0,0,0,0,0,0,0,0,0,0,1,0,0,0.3500500636546401,rbf,2,scale,-0.1098723835254429,False,0.0001235236238899,0
xd6_40693,1,1.0,0.0187587738037109,0.0036468505859375,0,1,0,0,1,0,0,0,0,1,0,0,0,0,0,0,0,0,0,0,0,0,0,1,0,0,5.070510765745204,sigmoid,2,scale,-0.184016332547424,True,0.0006413070461444,0
xd6_40693,0,1.0,0.0181996822357177,0.0036702156066894,0,1,0,0,1,0,0,0,0,1,0,0,0,0,0,0,0,0,0,0,0,0,0,1,0,0,1.2587694863833714,linear,3,scale,0.2456320702319535,True,0.0025102943413205,0
wisconsin_753,2,0.717948717948718,0.0016543865203857,0.000368595123291,1,0,1,0,0,0,0,0,0,0,0,0,0,1,0,0,0,0,0,0,1,0,0,0,0,0,0.4924432593601204,rbf,2,scale,0.0003533192308068,True,0.0044501631034041,0
wisconsin_753,2,0.717948717948718,0.0015523433685302,0.0003232955932617,0,1,1,0,0,0,0,0,0,0,0,0,0,0,0,0,0,0,1,0,1,0,0,0,0,0,0.4742513753708473,rbf,2,auto,-0.1384823616917638,False,0.0001279563463978,0
wisconsin_753,2,0.717948717948718,0.0020251274108886,0.0003736019134521,0,1,0,0,1,0,0,0,0,0,0,0,0,1,0,0,0,0,0,0,1,0,0,0,0,0,2.802712656890667,sigmoid,3,scale,0.060143705071782,False,0.0015306281313471,0
wisconsin_753,2,0.717948717948718,0.0016067028045654,0.0003383159637451,0,1,0,0,1,0,0,0,0,0,0,0,0,0,0,0,0,0,1,0,1,0,0,0,0,0,4.171555894965086,rbf,2,scale,0.3566962340919258,True,0.0001345341597843,0
wisconsin_753,2,0.717948717948718,0.0018129348754882,0.0003736019134521,0,1,1,0,0,0,0,0,0,0,0,0,0,1,0,0,0,0,0,0,1,0,0,0,0,0,1.6614169890907493,poly,2,auto,-0.2626315717410307,True,0.0001025404746669,0
wisconsin_753,2,0.717948717948718,0.0025272369384765,0.0005049705505371,0,1,0,0,1,0,0,0,0,1,0,0,0,0,0,0,0,0,0,0,1,0,0,0,0,0,0.4598771758831531,rbf,4,0.06806145252342613,-0.2316872021562264,False,0.0065825900501898,0
wisconsin_753,2,0.717948717948718,0.0033175945281982,0.0006651878356933,1,0,0,1,0,0,0,0,0,1,0,0,0,0,0,0,0,0,0,0,1,0,0,0,0,0,0.7586349066404275,poly,3,auto,-0.2995333382863632,False,0.0003625283158737,0
wisconsin_753,2,0.717948717948718,0.0018343925476074,0.0003278255462646,1,0,1,0,0,0,0,0,0,0,0,0,0,0,0,0,0,0,1,0,1,0,0,0,0,0,0.5347273621876065,sigmoid,5,auto,-0.2661993622295688,False,0.0002732183776797,0
wisconsin_753,2,0.717948717948718,0.0030345916748046,0.001063585281372,1,0,1,0,0,0,0,0,0,1,0,0,0,0,0,0,0,0,0,0,1,0,0,0,0,0,1.6886160019553047,rbf,2,scale,0.2784825476101231,False,0.0001683795272682,0
wisconsin_753,2,0.717948717948718,0.0016713142395019,0.0003409385681152,0,1,0,1,0,0,0,0,0,0,0,0,0,0,0,0,0,0,1,0,1,0,0,0,0,0,7.580823646694154,poly,3,auto,0.1265348050286446,True,0.0032728858344697,0
wisconsin_753,2,0.717948717948718,0.0016562938690185,0.0003690719604492,1,0,0,1,0,0,0,0,0,0,0,0,0,1,0,0,0,0,0,0,1,0,0,0,0,0,1.857595157287356,rbf,3,auto,-0.1287712294735349,True,0.0003118549096038,0
wisconsin_753,2,0.717948717948718,0.0027871131896972,0.0006062984466552,0,1,1,0,0,0,0,0,0,1,0,0,0,0,0,0,0,0,0,0,1,0,0,0,0,0,6.937206147206698,sigmoid,4,0.014454156105753253,0.0226633011156526,False,0.0039508210056051,0
wisconsin_753,2,0.717948717948718,0.0029397010803222,0.0007524490356445,1,0,0,0,1,0,0,0,0,1,0,0,0,0,0,0,0,0,0,0,1,0,0,0,0,0,8.848943547532185,linear,3,0.04878964640716554,0.0276704349717453,False,0.0002266492833485,0
wisconsin_753,2,0.717948717948718,0.0017709732055664,0.0003738403320312,0,1,0,1,0,0,0,0,0,0,0,0,0,1,0,0,0,0,0,0,1,0,0,0,0,0,2.019385962829038,poly,2,scale,0.3917972882927707,False,0.0001191216148283,0
wisconsin_753,2,0.717948717948718,0.0028645992279052,0.0006911754608154,0,1,0,1,0,0,0,0,0,1,0,0,0,0,0,0,0,0,0,0,1,0,0,0,0,0,0.918414549404463,linear,3,scale,-0.0644677187078689,True,0.0011143301003932,0
wisconsin_753,2,0.717948717948718,0.0016677379608154,0.0003817081451416,1,0,0,0,1,0,0,0,0,0,0,0,0,1,0,0,0,0,0,0,1,0,0,0,0,0,8.495224050669764,rbf,3,0.03400838537314837,-0.0077353894638779,True,0.0010648589667578,0
wisconsin_753,2,0.717948717948718,0.0015864372253417,0.000314712524414,1,0,0,0,1,0,0,0,0,0,0,0,0,0,0,0,0,0,1,0,1,0,0,0,0,0,3.690891965647906,linear,5,scale,0.0124056677437063,False,0.0025599313360108,0
wisconsin_753,2,0.717948717948718,0.0018455982208251,0.0003204345703125,1,0,0,1,0,0,0,0,0,0,0,0,0,0,0,0,0,0,1,0,1,0,0,0,0,0,8.106550529450804,rbf,3,scale,0.1566435544272135,False,0.0016968843010648,0
wisconsin_753,4,0.7105263157894737,0.0023698806762695,0.0004832744598388,1,0,0,1,0,0,0,0,0,0,0,1,0,0,0,0,0,0,0,0,0,0,0,1,0,0,1.587067963600726,linear,2,auto,0.009582325007075,True,0.0007290648474768,0
wisconsin_753,4,0.7105263157894737,0.0017056465148925,0.0004236698150634,1,0,1,0,0,0,0,0,0,0,0,0,0,1,0,0,0,0,0,0,0,0,1,0,0,0,4.491895642738174,rbf,4,scale,-0.0558762789664919,False,0.0005473051975742,0
mc2_1054,0,0.8484848484848485,0.0023486614227294,0.0005576610565185,0,1,0,1,0,0,0,0,0,0,0,0,1,0,0,0,0,0,0,0,0,0,1,0,0,0,0.2144035978581461,rbf,3,scale,-0.8808849684816271,True,0.0042061131555042,0
mc2_1054,0,0.8484848484848485,0.0021014213562011,0.00042724609375,0,1,0,1,0,0,0,0,0,1,0,0,0,0,0,0,0,0,0,0,0,0,0,1,0,0,0.3563191553855178,poly,3,scale,-0.0935682485068975,True,0.0067310420282368,0
mc2_1054,0,0.8484848484848485,0.0018765926361083,0.000399112701416,1,0,0,0,1,0,0,0,0,1,0,0,0,0,0,0,0,0,0,0,0,0,0,1,0,0,6.729906610407038,rbf,3,auto,-0.2585756217868189,False,0.001223926382156,0
mc2_1054,0,0.8484848484848485,0.0023179054260253,0.0005478858947753,0,1,0,0,1,0,0,0,0,0,0,0,1,0,0,0,0,0,0,0,0,0,1,0,0,0,0.375216081450163,poly,4,auto,-0.6705629027725207,False,0.004498356298702,0
mc2_1054,0,0.8484848484848485,0.0014023780822753,0.0002610683441162,1,0,1,0,0,1,0,0,0,0,0,0,0,0,0,0,0,0,0,0,0,0,1,0,0,0,0.517634943306515,poly,2,auto,-0.383779443529,True,0.0022478537951202,0
mc2_1054,0,0.8484848484848485,0.0019736289978027,0.0004119873046875,1,0,1,0,0,0,0,0,0,1,0,0,0,0,0,0,0,0,0,0,0,0,0,1,0,0,2.5090991881791216,poly,3,scale,-0.2547996244029082,True,0.0001207735458567,0
mc2_1054,0,0.8484848484848485,0.0015070438385009,0.0002944469451904,1,0,1,0,0,0,0,0,0,0,0,0,0,1,0,0,0,0,0,0,0,0,0,1,0,0,0.6750508960424741,sigmoid,5,scale,0.2169477510551925,False,0.0018477174740872,0
mc2_1054,0,0.8484848484848485,0.0013473033905029,0.0002562999725341,1,0,0,0,1,1,0,0,0,0,0,0,0,0,0,0,0,0,0,0,0,0,1,0,0,0,6.648960827027553,sigmoid,2,auto,-0.2090759452479325,True,0.0001799873093859,0
mc2_1054,0,0.8484848484848485,0.0014007091522216,0.0002679824829101,0,1,1,0,0,1,0,0,0,0,0,0,0,0,0,0,0,0,0,0,0,0,1,0,0,0,0.2635472062440107,poly,3,scale,-0.0457465118381697,True,0.0012378210711753,0
mc2_1054,0,0.8484848484848485,0.0023334026336669,0.0005614757537841,0,1,1,0,0,0,0,0,0,0,0,0,1,0,0,0,0,0,0,0,0,0,1,0,0,0,1.483209250798119,rbf,4,scale,-0.0820834757171188,False,0.0015453965970117,0
mc2_1054,0,0.8484848484848485,0.0013906955718994,0.0003027915954589,1,0,0,0,1,0,0,0,0,0,0,0,0,1,0,0,0,0,0,0,0,0,0,1,0,0,0.6601134341428626,poly,2,0.40061189134678693,0.423195518383163,True,0.0001082948444382,0
mc2_1054,0,0.8484848484848485,0.0014431476593017,0.0002884864807128,1,0,0,1,0,0,0,0,0,0,0,0,0,1,0,0,0,0,0,0,0,0,0,1,0,0,0.983023484698168,poly,3,scale,-0.0261780031469973,True,0.0027830262581076,0
mc2_1054,0,0.8484848484848485,0.0027933120727539,0.0007927417755126,1,0,1,0,0,0,0,0,0,0,0,0,1,0,0,0,0,0,0,0,0,0,1,0,0,0,2.666087238612634,linear,3,auto,0.9392564384365194,True,0.0012703002944827,0
mc2_1054,0,0.8484848484848485,0.0014004707336425,0.0002810955047607,1,0,0,1,0,1,0,0,0,0,0,0,0,0,0,0,0,0,0,0,0,0,1,0,0,0,0.974986252319641,poly,3,scale,0.5456490855193815,False,0.0022736828829973,0
mc2_1054,0,0.8484848484848485,0.0023295879364013,0.0005762577056884,1,0,0,1,0,0,0,0,0,0,0,0,1,0,0,0,0,0,0,0,0,0,1,0,0,0,3.611884915884082,rbf,4,auto,0.0475517577567367,False,0.00060121289581,0
mc2_1054,0,0.8484848484848485,0.0019357204437255,0.0003936290740966,0,1,1,0,0,0,0,0,0,1,0,0,0,0,0,0,0,0,0,0,0,0,0,1,0,0,0.178832530661629,rbf,5,0.1996828103346584,0.3019784393230144,True,0.0005913229920239,0
mc2_1054,0,0.8484848484848485,0.0013983249664306,0.0002462863922119,0,1,0,0,1,1,0,0,0,0,0,0,0,0,0,0,0,0,0,0,0,0,1,0,0,0,0.3781033423485443,linear,4,scale,0.2640044950492559,False,0.001101481100522,0
mc2_1054,0,0.8484848484848485,0.0014879703521728,0.0002810955047607,0,1,0,0,1,0,0,0,0,0,0,0,0,1,0,0,0,0,0,0,0,0,0,1,0,0,5.604291404899106,rbf,2,scale,0.0051579008315009,False,0.0008892683135442,0
mc2_1054,0,0.8484848484848485,0.0019748210906982,0.0004048347473144,0,1,0,0,1,0,0,0,0,1,0,0,0,0,0,0,0,0,0,0,0,0,0,1,0,0,0.3160364327381002,rbf,4,scale,-0.3974309918278093,False,0.0046946021952698,0
mc2_1054,0,0.8484848484848485,0.0014386177062988,0.000281810760498,0,1,0,1,0,0,0,0,0,0,0,0,0,1,0,0,0,0,0,0,0,0,0,1,0,0,0.1139327092509712,poly,4,scale,0.2519046474033016,False,0.0006513024469585,0
chscase_census5_906,4,0.625,0.0036172866821289,0.0009641647338867,0,1,0,0,1,1,0,0,0,0,0,0,0,0,0,0,0,0,0,0,0,0,0,1,0,0,0.8050362776069344,sigmoid,4,auto,0.3704491169691705,False,0.0029595735848153,0
chscase_census5_906,4,0.625,0.0037641525268554,0.0009891986846923,1,0,0,1,0,1,0,0,0,0,0,0,0,0,0,0,0,0,0,0,0,0,0,1,0,0,0.4732596914402225,rbf,3,scale,0.2290816214517638,False,0.0083396729906833,0
chscase_census5_906,2,0.625,0.0034856796264648,0.0009377002716064,1,0,0,1,0,1,0,0,0,0,0,0,0,0,0,0,0,0,0,0,0,1,0,0,0,0,0.5502245406741249,poly,3,0.547251822502488,-0.017937909131061,False,0.0030370332761914,0
chscase_census5_906,2,0.625,0.0034792423248291,0.000978946685791,0,1,1,0,0,1,0,0,0,0,0,0,0,0,0,0,0,0,0,0,0,1,0,0,0,0,0.5152144348991563,sigmoid,3,auto,-0.0657640496134056,False,0.0001722999761723,0
chscase_census5_906,2,0.625,0.0034918785095214,0.0009410381317138,0,1,0,1,0,1,0,0,0,0,0,0,0,0,0,0,0,0,0,0,0,1,0,0,0,0,0.3130519281085139,rbf,2,auto,0.0143933580244152,False,0.0046770345340283,0
chscase_census5_906,2,0.625,0.0033636093139648,0.0008814334869384,0,1,0,0,1,1,0,0,0,0,0,0,0,0,0,0,0,0,0,0,0,1,0,0,0,0,3.634517954250297,poly,2,auto,-0.3577298300579657,False,0.0055190141353545,0
chscase_census5_906,4,0.625,0.0037465095520019,0.0010044574737548,0,1,1,0,0,1,0,0,0,0,0,0,0,0,0,0,0,0,0,0,0,0,0,1,0,0,0.1256670054195151,sigmoid,5,auto,0.1869658732061379,False,0.0004331872065416,0
chscase_census5_906,2,0.625,0.0034506320953369,0.0009346008300781,1,0,0,0,1,1,0,0,0,0,0,0,0,0,0,0,0,0,0,0,0,1,0,0,0,0,1.0261402758423477,rbf,3,auto,-0.2719468793055045,True,0.0006772213827305,0
chscase_census5_906,4,0.625,0.0036437511444091,0.0009777545928955,1,0,0,0,1,1,0,0,0,0,0,0,0,0,0,0,0,0,0,0,0,0,0,1,0,0,1.0823335675051766,poly,3,auto,0.2131370789207429,True,0.000396437506255,0
chscase_census5_906,2,0.625,0.0035054683685302,0.0009338855743408,1,0,1,0,0,1,0,0,0,0,0,0,0,0,0,0,0,0,0,0,0,1,0,0,0,0,0.1258575012066001,poly,3,scale,-0.0966701861325315,True,0.0076725860292168,0
chscase_census5_906,4,0.625,0.0033762454986572,0.0009212493896484,1,0,1,0,0,1,0,0,0,0,0,0,0,0,0,0,0,0,0,0,0,0,0,1,0,0,0.1030826895328205,poly,3,auto,-0.2750669034750689,True,0.0002537385238525,0
chscase_census5_906,4,0.625,0.0035398006439208,0.0009288787841796,0,1,0,1,0,1,0,0,0,0,0,0,0,0,0,0,0,0,0,0,0,0,0,1,0,0,1.0757274546124251,poly,2,scale,-0.5194053640901666,True,0.0005739786738505,0
chscase_census5_906,4,0.6125,0.0432848930358886,0.0100922584533691,1,0,1,0,0,0,0,0,0,0,0,0,0,0,0,1,0,0,0,0,0,0,0,1,0,0,4.193284624153309,poly,4,auto,-0.1119103564897582,True,0.0004230435872391,0
chscase_census5_906,2,0.6125,0.0035071372985839,0.0008933544158935,1,0,0,0,1,1,0,0,0,0,0,0,0,0,0,0,0,0,0,0,0,0,1,0,0,0,0.2337434285513954,rbf,4,scale,-0.0496267577058923,True,0.0001112254466529,0
chscase_census5_906,2,0.6125,0.003631591796875,0.0009882450103759,1,0,1,0,0,1,0,0,0,0,0,0,0,0,0,0,0,0,0,0,0,0,1,0,0,0,0.1182734865359393,rbf,3,auto,-0.2987743199124237,False,0.0031925808082353,0
chscase_census5_906,2,0.6125,0.0034325122833251,0.0008881092071533,0,1,1,0,0,1,0,0,0,0,0,0,0,0,0,0,0,0,0,0,0,0,1,0,0,0,0.4750982705716416,poly,3,0.012860784741721533,0.0709106391869909,True,0.0006195019720126,0
chscase_census5_906,2,0.6125,0.0034353733062744,0.0008866786956787,0,1,0,1,0,1,0,0,0,0,0,0,0,0,0,0,0,0,0,0,0,0,1,0,0,0,0.6210474490256342,rbf,5,0.6217089987993131,-0.2694080378752661,True,0.0022342088142557,0
chscase_census5_906,2,0.6125,0.0037436485290527,0.0010516643524169,1,0,0,1,0,1,0,0,0,0,0,0,0,0,0,0,0,0,0,0,0,0,1,0,0,0,0.5655850189111522,rbf,4,auto,-0.3195359443028519,False,0.0007657602150915,0
chscase_census5_906,4,0.6125,0.0463464260101318,0.0107550621032714,0,1,0,0,1,0,0,0,0,0,0,0,0,0,0,1,0,0,0,0,0,0,0,1,0,0,8.11989249426694,rbf,3,auto,0.1130891203404628,True,0.0009320908474355,0
chscase_census5_906,4,0.6125,0.0485603809356689,0.0112731456756591,1,0,0,1,0,0,0,0,0,0,0,0,0,0,0,1,0,0,0,0,0,0,0,1,0,0,0.1452295046349405,rbf,4,auto,0.4044927042649596,True,0.0008283089497249,0
strikes_770,1,0.992,0.0967190265655517,0.0202596187591552,1,0,1,0,0,0,0,0,0,0,0,0,0,0,0,1,0,0,0,0,1,0,0,0,0,0,0.6801309883115545,linear,2,auto,0.0903125135615311,True,0.0009614543946624,0
strikes_770,1,0.992,0.1003124713897705,0.0198209285736084,1,0,0,1,0,0,0,0,0,0,0,0,0,0,0,1,0,0,0,0,1,0,0,0,0,0,0.3481000471401554,sigmoid,2,scale,0.2696408601528874,False,0.0061250026919658,0
strikes_770,1,0.992,0.0976855754852294,0.0190529823303222,0,1,0,0,1,0,0,0,0,0,0,0,0,0,0,1,0,0,0,0,0,0,0,0,1,0,0.8403344645786852,rbf,2,scale,-0.0919431093172692,True,0.0019886579805433,0
strikes_770,1,0.992,0.0995862483978271,0.0200111865997314,0,1,1,0,0,0,0,0,0,0,0,0,0,0,0,1,0,0,0,0,1,0,0,0,0,0,0.4818410035996027,sigmoid,3,auto,0.0127632410151877,True,0.0003071358732776,0
strikes_770,1,0.992,0.0964245796203613,0.0192892551422119,1,0,1,0,0,0,0,0,0,0,0,0,0,0,0,1,0,0,0,1,0,0,0,0,0,0,0.1696075556987145,rbf,3,auto,0.3300648608568454,True,0.0014094046874182,0
strikes_770,1,0.992,0.0919463634490966,0.0178768634796142,0,1,1,0,0,0,0,0,0,0,0,0,0,0,0,1,0,0,0,1,0,0,0,0,0,0,0.5172824306331751,rbf,3,0.0456025548537077,-0.5388423404303262,True,0.0087320131799685,0
strikes_770,1,0.992,0.0997171401977539,0.0199589729309082,1,0,0,0,1,0,0,0,0,0,0,0,0,0,0,1,0,0,0,0,0,0,0,0,0,1,4.389307667347301,linear,3,auto,0.3525569988426622,True,0.0007230535614225,0
strikes_770,1,0.992,0.094243049621582,0.0185329914093017,1,0,0,1,0,0,0,0,0,0,0,0,0,0,0,1,0,0,0,0,0,0,0,0,1,0,0.903016357960638,rbf,3,scale,0.1571680678311989,True,0.0002470027900038,0
strikes_770,1,0.992,0.0922122001647949,0.0180575847625732,1,0,0,0,1,0,0,0,0,0,0,0,0,0,0,1,0,0,0,0,0,0,0,0,1,0,4.57401625227349,poly,2,auto,-0.5983913498007088,True,0.0006577275523425,0
strikes_770,1,0.992,0.0965158939361572,0.0194277763366699,1,0,1,0,0,0,0,0,0,0,0,0,0,0,0,1,0,0,0,0,0,0,0,0,1,0,0.6443334222546131,poly,3,auto,0.0425142552094796,True,0.0003660721637707,0
strikes_770,1,0.992,0.0996594429016113,0.0195558071136474,0,1,1,0,0,0,0,0,0,0,0,0,0,0,0,1,0,0,0,0,0,0,0,0,0,1,0.2119168855092822,sigmoid,2,scale,-0.4663152697375317,True,0.0021968255228577,0
strikes_770,1,0.992,0.0906741619110107,0.0183885097503662,0,1,1,0,0,0,0,0,0,0,0,0,0,0,0,1,0,0,0,0,0,0,0,0,1,0,3.275534306703733,poly,4,scale,0.2480580263791201,True,0.0010970084918161,0
strikes_770,1,0.992,0.0975871086120605,0.0195949077606201,0,1,0,1,0,0,0,0,0,0,0,0,0,0,0,1,0,0,0,1,0,0,0,0,0,0,4.128507962627821,sigmoid,2,scale,-0.3629446820721482,False,0.008802705475186,0
strikes_770,1,0.992,0.0967118740081787,0.0190761089324951,0,1,0,1,0,0,0,0,0,0,0,0,0,0,0,1,0,0,0,0,0,0,0,0,1,0,2.3896900715744764,sigmoid,3,scale,-0.2696257415159714,True,0.0013483334723633,0
strikes_770,1,0.992,0.094506025314331,0.0187005996704101,1,0,1,0,0,0,0,0,0,0,0,0,0,0,0,1,0,0,0,0,0,0,0,0,0,1,0.6430730728341074,rbf,3,auto,0.2698789443447295,True,0.0012113331062376,0
strikes_770,1,0.992,0.0903894901275634,0.01847505569458,0,1,0,0,1,0,0,0,0,0,0,0,0,0,0,1,0,0,0,1,0,0,0,0,0,0,3.05527702198203,rbf,2,scale,-0.1400651129672937,True,0.0002587660453078,0
strikes_770,1,0.992,0.0990316867828369,0.01983642578125,1,0,0,1,0,0,0,0,0,0,0,0,0,0,0,1,0,0,0,1,0,0,0,0,0,0,1.638965479130876,poly,2,auto,-0.1388474610453064,True,0.0005216853295969,0
strikes_770,1,0.992,0.0978424549102783,0.0199172496795654,1,0,0,1,0,0,0,0,0,0,0,0,0,0,0,1,0,0,0,0,0,0,0,0,0,1,4.046649394016579,rbf,4,scale,-0.1409145829112146,False,0.0024285649933457,0
strikes_770,1,0.992,0.0980699062347412,0.0191686153411865,1,0,0,0,1,0,0,0,0,0,0,0,0,0,0,1,0,0,0,0,1,0,0,0,0,0,1.3721363221552785,sigmoid,4,scale,0.0746542614335514,True,0.0095410274746403,0
strikes_770,1,0.992,0.0961589813232421,0.0194056034088134,0,1,0,1,0,0,0,0,0,0,0,0,0,0,0,1,0,0,0,0,0,0,0,0,0,1,5.780860239309845,poly,2,auto,-0.0700498513623012,False,0.0017332653870985,0
analcatdata_halloffame_966,3,0.9776119402985076,0.1345717906951904,0.0322201251983642,0,1,0,1,0,0,0,0,0,0,0,0,0,0,0,1,0,0,0,0,0,0,1,0,0,0,0.4667630427227237,rbf,2,scale,0.038749709563065,False,0.0092383871663372,0
analcatdata_halloffame_966,3,0.9776119402985076,0.0073413848876953,0.0017938613891601,0,1,0,0,1,0,0,0,0,0,1,0,0,0,0,0,0,0,0,0,0,0,1,0,0,0,2.855681061595265,rbf,4,auto,0.0251197100798539,True,0.0002436994544033,0
analcatdata_halloffame_966,3,0.9738805970149254,0.0076792240142822,0.0017101764678955,0,1,0,0,1,1,0,0,0,0,0,0,0,0,0,0,0,0,0,0,0,0,0,0,1,0,0.6098528937353584,linear,4,scale,0.042570915400682,True,0.0031282442260879,0
analcatdata_halloffame_966,3,0.9738805970149254,0.0122113227844238,0.0031344890594482,0,1,0,1,0,0,1,0,0,0,0,0,0,0,0,0,0,0,0,0,0,0,0,0,0,1,1.215708041431946,rbf,2,auto,-0.4776620291583248,False,0.0007821613649863,0
analcatdata_halloffame_966,3,0.9738805970149254,0.1290016174316406,0.0299515724182128,0,1,0,0,1,0,0,0,0,0,0,0,0,0,0,1,0,0,0,0,0,0,0,0,1,0,0.7674122209598914,linear,4,scale,0.4086270402388648,True,0.0001385413894566,0
analcatdata_halloffame_966,3,0.9738805970149254,0.0149500370025634,0.0067188739776611,0,1,0,0,1,0,0,0,0,0,0,0,0,0,1,0,0,0,0,1,0,0,0,0,0,0,6.245235110951417,rbf,2,scale,-0.1708837110079324,False,0.0002067183557001,0
analcatdata_halloffame_966,3,0.9738805970149254,0.1256048679351806,0.0293550491333007,0,1,0,0,1,0,0,0,0,0,0,0,0,0,0,1,0,0,0,1,0,0,0,0,0,0,6.618181144552239,rbf,4,auto,0.3388360389142515,False,0.0015205719440486,0
analcatdata_halloffame_966,3,0.9738805970149254,0.0156466960906982,0.0038192272186279,0,1,0,0,1,0,0,0,0,1,0,0,0,0,0,0,0,0,0,0,0,0,0,0,0,1,0.7527763532001363,linear,2,scale,0.0555196059450744,False,0.0002966007504521,0
analcatdata_halloffame_966,3,0.9738805970149254,0.0118792057037353,0.0030698776245117,0,1,0,1,0,0,1,0,0,0,0,0,0,0,0,0,0,0,0,1,0,0,0,0,0,0,0.7922007408690406,rbf,2,scale,-0.1417166929310451,False,0.0001435828694766,0
analcatdata_halloffame_966,3,0.9738805970149254,0.9940147399902344,0.0017235279083251,0,1,0,0,1,1,0,0,0,0,0,0,0,0,0,0,0,0,0,0,0,0,0,0,0,1,1.221854080220347,linear,3,scale,0.4738851711094289,False,0.0007748155421048,0
analcatdata_halloffame_966,3,0.9738805970149254,0.0086257457733154,0.0015535354614257,0,1,0,0,1,0,0,0,0,0,0,0,0,0,0,0,0,0,1,0,0,0,0,0,0,1,0.2010587989384639,sigmoid,2,scale,0.3251271287311412,True,0.0077486399341032,0
analcatdata_halloffame_966,3,0.9738805970149254,0.0089480876922607,0.0021724700927734,0,1,0,0,1,0,0,0,0,0,0,0,0,1,0,0,0,0,0,0,0,0,0,0,0,1,5.871048385577349,sigmoid,3,scale,-0.1090697104832721,False,0.0020724704144774,0
analcatdata_halloffame_966,3,0.9738805970149254,0.1280560493469238,0.0305197238922119,0,1,0,0,1,0,0,0,0,0,0,0,0,0,0,1,0,0,0,0,1,0,0,0,0,0,2.8641975685894625,sigmoid,4,scale,-0.3207902132606525,True,0.0036180217095306,0
analcatdata_halloffame_966,3,0.9738805970149254,0.0090880393981933,0.0023186206817626,0,1,0,0,1,0,0,0,0,0,0,1,0,0,0,0,0,0,0,0,0,0,0,0,0,1,0.7521080000522766,rbf,4,auto,-0.2371894613843458,False,0.0008747785534728,0
analcatdata_halloffame_966,4,0.9738805970149254,0.0184354782104492,0.0079874992370605,0,1,0,0,1,0,0,0,0,0,0,0,0,0,1,0,0,0,0,0,0,0,0,0,1,0,0.1320380769444467,sigmoid,3,scale,0.5557215311398812,True,0.0003597976606908,0
analcatdata_halloffame_966,3,0.9738805970149254,0.0233891010284423,0.0068857669830322,0,1,0,0,1,0,0,0,0,0,0,0,1,0,0,0,0,0,0,0,0,0,0,0,1,0,0.6467616333972389,rbf,4,0.018768533582901245,-0.1646348933537873,False,0.0004368052199142,0
analcatdata_halloffame_966,3,0.9738805970149254,0.0082678794860839,0.0020239353179931,0,1,0,1,0,1,0,0,0,0,0,0,0,0,0,0,0,0,0,0,0,0,0,0,0,1,0.1132407433821098,sigmoid,3,0.3383040963249347,-0.1726362425967315,True,0.0028112236727445,0
analcatdata_halloffame_966,3,0.9738805970149254,0.0083422660827636,0.0019633769989013,0,1,0,1,0,1,0,0,0,0,0,0,0,0,0,0,0,0,0,0,0,0,0,0,1,0,0.1748809961999285,rbf,3,scale,-0.1955299470761307,True,0.0058918034047354,0
analcatdata_halloffame_966,3,0.9738805970149254,0.1189687252044677,0.0286130905151367,0,1,0,1,0,0,0,0,0,0,0,0,0,0,0,1,0,0,0,0,0,0,0,0,0,1,5.585597374924089,sigmoid,4,auto,0.040778438554915,True,0.0035682302621265,0
analcatdata_halloffame_966,4,0.9738805970149254,0.0221056938171386,0.010481834411621,0,1,0,1,0,0,0,0,0,0,0,0,0,0,1,0,0,0,0,0,0,0,0,0,1,0,0.466218930695343,sigmoid,4,auto,0.1587221848506679,False,0.0001263174309101,0
biomed_481,4,0.975609756097561,0.0098013877868652,0.0007257461547851,0,1,0,0,1,0,0,0,0,0,0,0,1,0,0,0,0,0,0,0,0,0,1,0,0,0,8.051793336716022,sigmoid,2,scale,-0.3077243392489323,True,0.0021698886532462,0
biomed_481,4,0.975609756097561,0.0028519630432128,0.0007081031799316,0,1,0,1,0,0,0,0,0,0,0,0,1,0,0,0,0,0,0,0,0,0,1,0,0,0,0.2392820240434295,rbf,2,auto,-0.1783880802260554,True,0.000120251726344,0
biomed_481,4,0.975609756097561,0.0031402111053466,0.0006897449493408,0,1,1,0,0,0,0,0,0,0,0,0,1,0,0,0,0,0,0,0,0,0,1,0,0,0,1.2304971152820947,rbf,4,0.7480402719749489,-0.6248197951913651,True,0.0012043663766123,0
biomed_481,1,0.9523809523809524,0.00142502784729,0.0002138614654541,0,1,0,1,0,0,0,0,0,0,0,0,0,0,0,0,0,0,1,0,0,0,1,0,0,0,2.3416108298085176,linear,3,scale,0.113433249832958,False,0.0036275511980249,0
biomed_481,1,0.9523809523809524,0.0040245056152343,0.0006716251373291,0,1,0,1,0,0,0,0,0,0,0,0,1,0,0,0,0,0,0,0,0,0,0,0,0,1,3.916674738737143,sigmoid,3,auto,0.0754038391050296,False,0.00036657281085,0
biomed_481,1,0.9523809523809524,0.0012943744659423,0.0002110004425048,0,1,1,0,0,0,0,0,0,0,0,0,0,0,0,0,0,0,1,0,0,0,1,0,0,0,0.1581400465333302,rbf,3,0.08467520778518049,0.1563109450189551,False,0.0017403779524717,0
biomed_481,0,0.9523809523809524,0.0027849674224853,0.0005998611450195,0,1,1,0,0,0,0,0,0,0,0,0,1,0,0,0,0,0,0,1,0,0,0,0,0,0,1.7296441461482035,poly,3,scale,0.3625648232835547,False,0.0009310094137209,0
biomed_481,1,0.9523809523809524,0.0013635158538818,0.0002224445343017,0,1,0,0,1,0,0,0,0,0,0,0,0,0,0,0,0,0,1,0,0,0,1,0,0,0,0.5778382876990702,sigmoid,2,scale,-0.362617316964213,False,0.0011237322450859,0
biomed_481,0,0.9523809523809524,0.0023291110992431,0.0004849433898925,0,1,0,0,1,0,0,0,0,0,0,0,1,0,0,0,0,0,0,1,0,0,0,0,0,0,0.148006277248248,linear,3,auto,-0.6143077848506721,True,0.000261306522989,0
biomed_481,0,0.9523809523809524,0.0023870468139648,0.000575304031372,0,1,0,1,0,0,0,0,0,0,0,0,1,0,0,0,0,0,0,1,0,0,0,0,0,0,0.42004136199581,sigmoid,4,scale,0.0778782792279568,False,0.0031883352507126,0
biomed_481,1,0.9523809523809524,0.0028684139251708,0.0006706714630126,0,1,1,0,0,0,0,0,0,0,0,0,1,0,0,0,0,0,0,0,0,0,0,0,0,1,2.694317376776164,poly,2,0.012142502576962358,0.1578386193947262,True,0.000296259834583,0
biomed_481,1,0.9523809523809524,0.003075361251831,0.0006616115570068,0,1,0,0,1,0,0,0,0,0,0,0,1,0,0,0,0,0,0,0,0,0,0,0,0,1,0.5054548860238602,sigmoid,2,auto,0.219284906925943,True,0.0023442843945262,0
biomed_481,4,0.951219512195122,0.0020287036895751,0.0004136562347412,0,1,0,0,1,0,0,0,0,0,0,0,0,0,1,0,0,0,0,0,0,0,1,0,0,0,0.3499559649947288,sigmoid,2,0.9354711571913299,0.0139565410686567,False,0.0004210122033569,0
biomed_481,4,0.951219512195122,0.0148234367370605,0.0026595592498779,0,1,0,0,1,0,0,0,0,0,0,0,0,0,0,1,0,0,0,1,0,0,0,0,0,0,2.0707508752475747,rbf,4,scale,0.0550066843277196,False,0.0002882765812448,0
biomed_481,4,0.951219512195122,0.0021889209747314,0.0003554821014404,0,1,0,1,0,0,0,0,0,1,0,0,0,0,0,0,0,0,0,0,0,0,0,0,1,0,6.116282988089552,sigmoid,3,0.017039076017620412,-0.1653733217866754,True,0.0024081998349758,0
biomed_481,4,0.951219512195122,0.0020010471343994,0.0003056526184082,0,1,0,0,1,0,0,0,0,0,0,0,0,1,0,0,0,0,0,0,0,0,0,0,1,0,0.2694795834396203,sigmoid,3,scale,-0.1394372953583856,False,0.005293872826458,0
biomed_481,4,0.951219512195122,0.0020997524261474,0.0003468990325927,0,1,0,0,1,0,0,0,0,1,0,0,0,0,0,0,0,0,0,0,0,0,0,0,1,0,3.34204043535974,sigmoid,3,auto,-0.2339851032232491,False,0.0002688103165875,0
biomed_481,4,0.951219512195122,0.0014500617980957,0.0002758502960205,0,1,0,1,0,0,0,0,0,0,0,0,0,1,0,0,0,0,0,0,0,0,0,0,1,0,8.361570598039128,rbf,3,auto,0.0824336131331176,True,0.0024364204034149,0
biomed_481,4,0.951219512195122,0.002352237701416,0.0004863739013671,0,1,0,0,1,0,0,0,0,0,0,0,1,0,0,0,0,0,0,0,0,0,0,0,1,0,0.1101007392895626,rbf,2,0.02106955276353919,0.228402832456929,False,0.0041405865889409,0
biomed_481,4,0.951219512195122,0.0045962333679199,0.0006637573242187,0,1,0,1,0,0,0,0,0,0,0,0,1,0,0,0,0,0,0,0,0,0,0,0,1,0,0.436924901815008,sigmoid,3,0.145978177769492,-0.1120859958684087,False,0.0021106089607612,0
analcatdata_dmft_1014,2,0.8301886792452831,0.0110266208648681,0.0021467208862304,0,1,0,0,1,0,1,0,0,0,0,0,0,0,0,0,0,0,0,0,0,0,0,1,0,0,9.734342546477247,linear,3,scale,-0.0088089848558893,True,0.0009250510550673,0
analcatdata_dmft_1014,2,0.8301886792452831,0.0064544677734375,0.00177001953125,1,0,0,1,0,0,0,0,0,0,0,0,0,0,0,0,0,0,1,0,1,0,0,0,0,0,6.931302810344644,rbf,4,auto,0.1293175541895143,True,0.0004485005764561,0
analcatdata_dmft_1014,4,0.8301886792452831,0.0187203884124755,0.0034530162811279,0,1,0,0,1,0,0,0,0,1,0,0,0,0,0,0,0,0,0,0,0,0,0,1,0,0,0.9951808621190036,poly,2,0.04122606275445806,-0.1671674300380177,False,0.0027320201288706,0
analcatdata_dmft_1014,4,0.8301886792452831,0.0053184032440185,0.0015254020690917,0,1,0,0,1,0,0,0,0,0,0,0,0,0,0,0,0,1,0,0,0,0,0,1,0,0,2.532367565109181,rbf,3,scale,-0.0384855439082698,False,0.0085446241505991,0
analcatdata_dmft_1014,2,0.8301886792452831,0.0057675838470458,0.0016002655029296,0,1,0,0,1,0,0,0,0,0,0,0,0,0,0,0,0,1,0,0,0,0,0,1,0,0,0.6657091594722158,sigmoid,2,scale,-0.1745046163207418,True,0.0002734951854924,0
analcatdata_dmft_1014,2,0.8301886792452831,0.0096750259399414,0.001861572265625,1,0,0,1,0,0,0,0,0,0,0,1,0,0,0,0,0,0,0,0,1,0,0,0,0,0,0.498692406781857,linear,3,scale,-0.1851957552897198,False,0.0001242555914927,0
analcatdata_dmft_1014,4,0.8301886792452831,0.0075864791870117,0.0018553733825683,1,0,0,1,0,0,1,0,0,0,0,0,0,0,0,0,0,0,0,0,1,0,0,0,0,0,6.0232228944680095,sigmoid,3,auto,0.2709261943005964,False,0.0031978353456036,0
analcatdata_dmft_1014,4,0.8301886792452831,0.0095689296722412,0.0019247531890869,1,0,0,1,0,0,0,0,0,0,0,1,0,0,0,0,0,0,0,0,1,0,0,0,0,0,0.7039612398360953,rbf,2,auto,0.1823507138761372,True,0.0022265767963074,0
analcatdata_dmft_1014,2,0.8301886792452831,0.0157372951507568,0.0029892921447753,0,1,0,0,1,0,0,0,0,1,0,0,0,0,0,0,0,0,0,0,0,0,0,1,0,0,3.261589496273524,poly,4,auto,0.3581630849265115,True,0.0010150909756444,0
analcatdata_dmft_1014,2,0.8301886792452831,0.0095715522766113,0.0019013881683349,0,1,0,0,1,0,0,0,0,0,0,0,0,1,0,0,0,0,0,0,0,0,0,1,0,0,3.6640662619794337,sigmoid,3,scale,-0.2746879242117244,True,0.0011803847820191,0
analcatdata_dmft_1014,2,0.8301886792452831,0.013153076171875,0.0019536018371582,1,0,0,1,0,0,0,0,0,0,0,0,0,1,0,0,0,0,0,0,1,0,0,0,0,0,8.98309784037256,sigmoid,3,scale,-0.1174179383074206,True,0.0090570530908059,0
analcatdata_dmft_1014,2,0.8301886792452831,0.0113828182220458,0.0018434524536132,1,0,0,1,0,0,1,0,0,0,0,0,0,0,0,0,0,0,0,0,1,0,0,0,0,0,1.0178876431749675,rbf,2,0.023054951245635644,0.0817709155074867,True,0.0002143460168044,0
analcatdata_dmft_1014,4,0.8301886792452831,0.012613296508789,0.0020043849945068,1,0,0,1,0,0,0,0,0,0,0,0,0,1,0,0,0,0,0,0,1,0,0,0,0,0,0.2187028768152046,linear,3,auto,-0.1079712774270556,True,0.0005677539670507,0
analcatdata_dmft_1014,2,0.8301886792452831,0.0052974224090576,0.0016570091247558,0,1,0,0,1,0,0,0,1,0,0,0,0,0,0,0,0,0,0,0,0,0,0,1,0,0,1.6722317988657145,sigmoid,2,scale,-0.0649901215673467,False,0.0001378581311723,0
analcatdata_dmft_1014,4,0.8301886792452831,0.0105988979339599,0.0020079612731933,0,1,0,0,1,0,0,0,0,0,0,1,0,0,0,0,0,0,0,0,0,0,0,1,0,0,0.1224044830756912,sigmoid,3,scale,-0.1787605577144873,False,0.0003184052917656,0
analcatdata_dmft_1014,4,0.8301886792452831,0.0053071975708007,0.0015301704406738,0,1,0,0,1,0,0,0,1,0,0,0,0,0,0,0,0,0,0,0,0,0,0,1,0,0,0.8966002294269383,poly,5,scale,-0.1779959761790979,True,0.0001003970924419,0
analcatdata_dmft_1014,2,0.8301886792452831,0.0058069229125976,0.0018117427825927,0,1,0,0,1,0,0,0,0,0,0,0,0,0,0,0,0,0,1,0,0,0,0,1,0,0,5.266370433596669,rbf,3,0.6425948068988941,0.177115344332245,False,0.0027864933243227,0
analcatdata_dmft_1014,2,0.8301886792452831,0.0115077495574951,0.002314805984497,0,1,0,0,1,0,0,0,0,0,0,0,0,0,1,0,0,0,0,0,0,0,0,1,0,0,3.687123724319338,sigmoid,2,scale,0.1992578298774495,False,0.0002767869579121,0
analcatdata_dmft_1014,2,0.8301886792452831,0.0109367370605468,0.0024538040161132,1,0,0,1,0,0,0,0,0,0,0,0,0,0,1,0,0,0,0,0,1,0,0,0,0,0,0.1356174596441929,poly,3,auto,0.0229266689309771,True,0.0001135475612817,0
analcatdata_dmft_1014,4,0.8301886792452831,0.0111370086669921,0.0022392272949218,0,1,0,0,1,0,0,0,0,0,0,0,0,0,1,0,0,0,0,0,0,0,0,1,0,0,1.1182035810251076,rbf,3,auto,0.4110460695052798,True,0.0005766711481805,0
teachingAssistant_1115,1,0.7333333333333333,0.0016932487487792,0.0002694129943847,1,0,1,0,0,0,1,0,0,0,0,0,0,0,0,0,0,0,0,0,0,0,1,0,0,0,0.1187256249568903,linear,2,scale,0.5189607598526973,False,0.0003879343153712,0
teachingAssistant_1115,1,0.7333333333333333,0.0017580986022949,0.0002882480621337,1,0,0,0,1,0,1,0,0,0,0,0,0,0,0,0,0,0,0,0,0,0,1,0,0,0,3.7350423897387466,poly,4,scale,0.0003196826309578,False,0.0061951765457023,0
teachingAssistant_1115,1,0.7333333333333333,0.0016720294952392,0.0002768039703369,0,1,0,0,1,0,1,0,0,0,0,0,0,0,0,0,0,0,0,0,0,0,1,0,0,0,7.380582370781297,rbf,3,auto,1.0,True,0.0058545172572144,0
teachingAssistant_1115,1,0.7333333333333333,0.0017311573028564,0.0002737045288085,0,1,1,0,0,0,1,0,0,0,0,0,0,0,0,0,0,0,0,0,0,0,1,0,0,0,0.3409289225551278,sigmoid,2,scale,0.2659775220763012,True,0.0003657593886248,0
teachingAssistant_1115,1,0.7333333333333333,0.001676321029663,0.0002977848052978,0,1,0,1,0,0,1,0,0,0,0,0,0,0,0,0,0,0,0,0,0,0,1,0,0,0,2.768196393345369,linear,2,scale,-0.0928183656181381,True,0.0022386676807385,0
teachingAssistant_1115,1,0.7333333333333333,0.002265453338623,0.0002951622009277,1,0,0,1,0,0,1,0,0,0,0,0,0,0,0,0,0,0,0,0,0,0,1,0,0,0,0.732915365970639,rbf,2,scale,0.0973137718922338,True,0.0073562147229962,0
teachingAssistant_1115,1,0.7,0.0021698474884033,0.0003681182861328,0,1,0,0,1,0,0,0,0,0,0,1,0,0,0,0,0,0,0,0,0,0,0,1,0,0,0.4106283456972017,poly,5,auto,0.392155316546329,True,0.0004355789412669,0
teachingAssistant_1115,1,0.7,0.0021612644195556,0.0003724098205566,0,1,1,0,0,0,0,0,0,1,0,0,0,0,0,0,0,0,0,0,0,0,0,0,1,0,0.6400950363168956,rbf,2,scale,-0.134475708601342,False,0.0030145331295593,0
teachingAssistant_1115,1,0.7,0.0106928348541259,0.001744270324707,0,1,1,0,0,0,0,0,0,0,0,0,0,0,0,1,0,0,0,0,0,0,0,0,1,0,0.120467515811961,linear,3,auto,0.2158186325255637,True,0.0014411534792415,0
teachingAssistant_1115,1,0.7,0.010765790939331,0.0016760826110839,0,1,0,1,0,0,0,0,0,0,0,0,0,0,0,1,0,0,0,0,0,1,0,0,0,0,0.2089511113942411,rbf,3,scale,0.1555513251079624,True,0.0011332192562412,0
teachingAssistant_1115,1,0.7,0.0022170543670654,0.0003755092620849,0,1,0,1,0,0,0,0,0,1,0,0,0,0,0,0,0,0,0,0,0,0,0,0,1,0,0.278282752298716,rbf,2,0.6655250453347076,-0.00905323975675,False,0.0001062244657729,0
teachingAssistant_1115,1,0.7,0.0023372173309326,0.000399112701416,0,1,0,0,1,0,0,0,0,0,0,1,0,0,0,0,0,0,0,0,0,0,0,0,1,0,0.3866520321371033,poly,4,scale,-0.0120537108206713,True,0.0007131514811553,0
teachingAssistant_1115,1,0.7,0.0016345977783203,0.0002825260162353,1,0,1,0,0,0,0,0,0,0,0,0,0,1,0,0,0,0,0,0,0,0,0,1,0,0,0.3421216602677592,rbf,3,scale,0.1754174920971274,False,0.0025118067964073,0
teachingAssistant_1115,1,0.7,0.0016326904296875,0.0002992153167724,1,0,1,0,0,0,1,0,0,0,0,0,0,0,0,0,0,0,0,0,0,0,0,1,0,0,0.5621680021201053,rbf,3,scale,-0.2357303163915292,True,0.0094602141434035,0
teachingAssistant_1115,1,0.7,0.001683235168457,0.000270128250122,0,1,1,0,0,0,0,0,0,0,0,0,0,1,0,0,0,0,0,0,0,0,0,1,0,0,4.099861300389992,rbf,4,auto,-0.1902762973004844,False,0.0006292605960503,0
teachingAssistant_1115,1,0.7,0.0016367435455322,0.0002706050872802,0,1,1,0,0,0,1,0,0,0,0,0,0,0,0,0,0,0,0,0,0,0,0,1,0,0,0.6843212374353488,poly,2,scale,-0.346776023506713,True,0.0058869209342375,0
teachingAssistant_1115,1,0.7,0.0017497539520263,0.0003032684326171,0,1,1,0,0,0,1,0,0,0,0,0,0,0,0,0,0,0,0,0,0,1,0,0,0,0,0.3866063298886669,poly,3,auto,-0.1587727715068992,False,0.0007810242335073,0
teachingAssistant_1115,1,0.7,0.0016815662384033,0.0003173351287841,1,0,1,0,0,0,1,0,0,0,0,0,0,0,0,0,0,0,0,0,1,0,0,0,0,0,3.901630351422846,linear,4,auto,0.5232461493098421,False,0.0009030742642166,0
teachingAssistant_1115,1,0.7,0.0022902488708496,0.0003881454467773,0,1,0,0,1,0,0,0,0,1,0,0,0,0,0,0,0,0,0,0,0,0,0,1,0,0,6.886386318168839,poly,3,0.4946213930868534,0.0932270047980064,True,0.0005984082745541,0
teachingAssistant_1115,1,0.7,0.0016303062438964,0.0003042221069335,0,1,0,0,1,0,1,0,0,0,0,0,0,0,0,0,0,0,0,0,0,0,0,1,0,0,0.4763433257536227,sigmoid,3,scale,-0.1801278531779806,True,0.0002737418114292,0
MeanWhile1_1449,3,0.96,0.0017201900482177,0.000244140625,0,1,0,0,1,0,0,1,0,0,0,0,0,0,0,0,0,0,0,0,0,0,0,1,0,0,4.469995112248367,sigmoid,4,auto,-0.0477417770067474,False,0.0027874732028705,0
MeanWhile1_1449,3,0.96,0.0017828941345214,0.0003256797790527,1,0,1,0,0,0,0,0,0,0,0,0,0,0,0,0,0,0,1,0,1,0,0,0,0,0,8.537593482270806,linear,5,scale,0.2488102680771522,True,0.0004373542314928,0
MeanWhile1_1449,3,0.96,0.0043494701385498,0.0010304450988769,1,0,0,0,1,0,0,0,0,0,0,0,0,0,0,0,1,0,0,0,0,0,0,0,0,1,0.474755126674629,linear,2,scale,0.3876108829694606,True,0.0001845379658571,0
MeanWhile1_1449,3,0.96,0.0178625583648681,0.003331184387207,1,0,0,0,1,0,0,0,0,0,0,0,0,0,0,1,0,0,0,0,0,0,0,0,0,1,0.1616161780034954,sigmoid,2,auto,0.0472748330013728,True,0.007588423200927,0
MeanWhile1_1449,3,0.96,0.0016365051269531,0.0002923011779785,0,1,0,0,1,1,0,0,0,0,0,0,0,0,0,0,0,0,0,0,0,0,0,1,0,0,0.7007674060444031,linear,3,scale,-0.1319639940043387,False,0.0001448144293161,0
MeanWhile1_1449,3,0.96,0.0040597915649414,0.0011205673217773,1,0,0,0,1,0,0,0,0,0,0,0,0,0,0,0,1,0,0,0,1,0,0,0,0,0,0.1935103596281567,poly,2,0.7242994716733898,-0.6561403749641784,True,0.0012159791040956,0
MeanWhile1_1449,3,0.96,0.0044350624084472,0.0016803741455078,1,0,0,0,1,0,0,0,0,0,0,0,0,0,1,0,0,0,0,0,1,0,0,0,0,0,0.2608338574392435,linear,3,scale,-0.2127252382556685,True,0.0036980352423745,0
MeanWhile1_1449,3,0.96,0.0043315887451171,0.0011115074157714,1,0,0,0,1,0,0,0,0,0,0,0,1,0,0,0,0,0,0,0,1,0,0,0,0,0,1.970992741467443,linear,3,scale,0.1547367188857569,True,0.0001976165821601,0
MeanWhile1_1449,3,0.96,0.0023396015167236,0.0003154277801513,1,0,0,0,1,0,0,1,0,0,0,0,0,0,0,0,0,0,0,0,0,0,0,0,0,1,0.991474050848829,rbf,3,scale,0.0425727719294031,True,0.0008172841337443,0
MeanWhile1_1449,3,0.96,0.0188710689544677,0.0031378269195556,1,0,0,0,1,0,0,0,0,0,0,0,0,0,0,1,0,0,0,0,1,0,0,0,0,0,2.685723661162345,sigmoid,4,scale,-0.0188408457550014,True,0.0002499287540509,0
MeanWhile1_1449,3,0.96,0.0016312599182128,0.0003032684326171,1,0,0,0,1,0,0,1,0,0,0,0,0,0,0,0,0,0,0,0,1,0,0,0,0,0,0.6767152374982074,linear,3,scale,-0.3680807479408367,True,0.0012332924311571,0
MeanWhile1_1449,3,0.96,0.0018930435180664,0.000258445739746,0,1,0,1,0,0,0,1,0,0,0,0,0,0,0,0,0,0,0,0,0,0,0,0,0,1,9.99585313066832,rbf,4,scale,0.416382448832546,True,0.0008773910112852,0
MeanWhile1_1449,3,0.96,0.0017712116241455,0.0002870559692382,1,0,1,0,0,1,0,0,0,0,0,0,0,0,0,0,0,0,0,0,0,0,0,1,0,0,1.5002191194484942,rbf,2,scale,-0.3578762059300772,True,0.0005037866419791,0
MeanWhile1_1449,3,0.96,0.001997947692871,0.0002791881561279,0,1,0,1,0,0,0,0,0,0,0,0,0,0,0,0,0,0,1,1,0,0,0,0,0,0,0.4386329002703678,sigmoid,3,scale,0.0219652524216362,False,0.0077144633520116,0
MeanWhile1_1449,3,0.96,0.0020821094512939,0.0004074573516845,0,1,0,1,0,0,1,0,0,0,0,0,0,0,0,0,0,0,0,1,0,0,0,0,0,0,0.2695750696636512,sigmoid,2,0.011338889680505069,0.1221659385695798,True,0.0084607041522189,0
MeanWhile1_1449,3,0.96,0.0181217193603515,0.0031323432922363,0,1,0,1,0,0,0,0,0,0,0,0,0,0,0,1,0,0,0,1,0,0,0,0,0,0,0.4006205773455099,poly,4,auto,0.4155528139927638,False,0.0052684435348869,0
MeanWhile1_1449,3,0.96,0.0018692016601562,0.0002737045288085,0,1,0,1,0,0,0,1,0,0,0,0,0,0,0,0,0,0,0,1,0,0,0,0,0,0,0.3037502901866205,poly,2,0.14467143528201373,0.0102893338382907,False,0.0085645689603807,0
MeanWhile1_1449,3,0.96,0.0029282569885253,0.0007691383361816,0,1,0,1,0,0,0,0,0,0,0,0,0,0,0,0,1,0,0,1,0,0,0,0,0,0,0.9789730191572016,rbf,3,scale,0.1611906439739845,False,0.000933462111968,0
MeanWhile1_1449,3,0.96,0.0017645359039306,0.0002510547637939,0,1,0,1,0,0,0,0,0,0,0,0,0,0,0,0,0,0,1,0,0,0,0,0,0,1,4.765589935822857,linear,3,0.10773838177308928,-0.0887346728822003,False,0.0005721597805631,0
MeanWhile1_1449,3,0.96,0.0178067684173584,0.0031013488769531,0,1,0,1,0,0,0,0,0,0,0,0,0,0,0,1,0,0,0,0,0,0,0,0,0,1,0.6586027666919035,poly,2,scale,0.0831066013102587,True,0.0021136520569494,0
veteran_719,1,0.8571428571428571,0.001638650894165,0.000317096710205,1,0,0,1,0,0,0,0,0,0,0,1,0,0,0,0,0,0,0,0,0,0,0,0,1,0,0.4373881426095196,rbf,5,scale,-0.0688120831984001,True,0.0016999247167768,0
veteran_719,1,0.8571428571428571,0.0016310214996337,0.0002908706665039,1,0,0,1,0,0,0,0,0,1,0,0,0,0,0,0,0,0,0,0,0,0,0,0,1,0,0.9587476518944666,linear,4,scale,-0.3341620237529506,True,0.0030733134855105,0
veteran_719,1,0.8571428571428571,0.001298189163208,0.000218391418457,0,1,0,1,0,1,0,0,0,0,0,0,0,0,0,0,0,0,0,0,0,0,0,0,0,1,0.5602538371398711,rbf,2,0.06267940328095598,0.24758513600397,True,0.0026441294979177,0
veteran_719,1,0.8571428571428571,0.0012915134429931,0.0002169609069824,1,0,0,1,0,1,0,0,0,0,0,0,0,0,0,0,0,0,0,0,0,0,0,0,0,1,0.1224439305698721,poly,3,scale,0.2741703561686193,True,0.0001672756171964,0
veteran_719,1,0.8571428571428571,0.0012552738189697,0.0002064704895019,0,1,0,0,1,1,0,0,0,0,0,0,0,0,0,0,0,0,0,0,0,0,0,0,0,1,0.4790494718027771,linear,4,0.011426495410030005,0.3600350255466902,False,0.0004630004028099,0
veteran_719,1,0.8571428571428571,0.0012414455413818,0.0002069473266601,0,1,0,0,1,0,0,0,0,0,0,0,0,1,0,0,0,0,0,0,0,0,0,0,1,0,0.4553726996380059,linear,3,auto,-0.1425639518890339,False,0.0001372409245818,0
veteran_719,1,0.8571428571428571,0.0016882419586181,0.0002825260162353,0,1,0,0,1,0,0,0,0,0,0,1,0,0,0,0,0,0,0,0,0,0,0,0,1,0,2.5878555611406298,poly,3,scale,0.078082999959393,True,0.0060900477702144,0
veteran_719,1,0.8571428571428571,0.0017454624176025,0.0002815723419189,0,1,0,0,1,0,0,0,0,1,0,0,0,0,0,0,0,0,0,0,0,0,0,0,1,0,0.2233390264014697,linear,4,0.12447908567938426,0.10105893308343,True,0.0047963514380164,0
veteran_719,1,0.8571428571428571,0.0016286373138427,0.0003540515899658,0,1,0,1,0,0,0,0,0,0,0,1,0,0,0,0,0,0,0,0,0,0,0,0,1,0,0.1374642067440507,rbf,3,scale,0.3218376300981678,False,0.0026594877873539,0
veteran_719,1,0.8571428571428571,0.0012774467468261,0.0002107620239257,0,1,1,0,0,1,0,0,0,0,0,0,0,0,0,0,0,0,0,0,0,0,0,0,0,1,0.1247814848363042,linear,4,scale,0.010068112085195,True,0.000983220499578,0
veteran_719,1,0.8571428571428571,0.0017015933990478,0.0002880096435546,0,1,1,0,0,0,0,0,0,0,0,1,0,0,0,0,0,0,0,0,0,0,0,0,1,0,0.1672686245618048,poly,4,0.09540215654897397,0.3163666487534591,True,0.0091245686252455,0
veteran_719,1,0.8571428571428571,0.0012400150299072,0.000211477279663,0,1,1,0,0,0,0,0,0,0,0,0,0,1,0,0,0,0,0,0,0,0,0,0,1,0,0.1109453191095224,rbf,2,scale,0.1951871796367941,True,0.000628110042815,0
veteran_719,1,0.8571428571428571,0.0013866424560546,0.0002226829528808,1,0,0,0,1,1,0,0,0,0,0,0,0,0,0,0,0,0,0,0,0,0,0,0,0,1,3.480611907737088,sigmoid,2,0.17220700781167358,0.3626041572473342,True,0.0007420185269598,0
veteran_719,1,0.8571428571428571,0.0013821125030517,0.0002267360687255,1,0,0,0,1,0,0,0,0,0,0,0,0,1,0,0,0,0,0,0,0,0,0,0,1,0,8.108402209348828,rbf,3,scale,-0.0063345294664865,True,0.0048585050261441,0
veteran_719,1,0.8571428571428571,0.0018525123596191,0.0003299713134765,1,0,0,0,1,0,0,0,0,0,0,1,0,0,0,0,0,0,0,0,0,0,0,0,1,0,0.1943888885516304,rbf,2,auto,0.0114251139803138,True,0.0010352274605191,0
veteran_719,1,0.8571428571428571,0.0019729137420654,0.0003211498260498,1,0,0,0,1,0,0,0,0,1,0,0,0,0,0,0,0,0,0,0,0,0,0,0,1,0,0.1571835629266971,poly,2,auto,-0.2614687835282543,False,0.0016456795896353,0
veteran_719,1,0.8571428571428571,0.001997947692871,0.0004572868347167,1,0,0,0,1,0,0,0,0,0,0,0,1,0,0,0,0,0,0,0,0,0,0,0,1,0,1.6980472783546987,poly,3,0.4035768754048884,-0.3214912549374933,False,0.0002130914111805,0
veteran_719,1,0.8571428571428571,0.0019865036010742,0.0004277229309082,0,1,0,0,1,0,0,0,0,0,0,0,1,0,0,0,0,0,0,0,0,0,0,0,1,0,0.4788508055322806,rbf,3,scale,-0.3468258563745455,False,0.0036249810586429,0
veteran_719,1,0.8571428571428571,0.0013468265533447,0.0002150535583496,1,0,1,0,0,1,0,0,0,0,0,0,0,0,0,0,0,0,0,0,0,0,0,0,0,1,1.620492109096358,poly,4,auto,-0.0684049274337376,True,0.0050519619046275,0
veteran_719,1,0.8571428571428571,0.0019142627716064,0.0004098415374755,0,1,1,0,0,0,0,0,0,0,0,0,1,0,0,0,0,0,0,0,0,0,0,0,1,0,2.795227217163486,rbf,2,auto,-0.2450291394896417,True,0.0004676747234407,0
autoUniv-au6-750_1549,3,0.34,0.0238096714019775,0.0042316913604736,1,0,0,1,0,0,0,0,0,0,1,0,0,0,0,0,0,0,0,0,0,0,0,0,0,1,7.941516999945556,rbf,3,scale,0.0112760358028699,True,0.0006537656335276,0
autoUniv-au6-750_1549,3,0.34,0.0236086845397949,0.0041389465332031,0,1,0,1,0,0,0,0,0,0,1,0,0,0,0,0,0,0,0,0,0,0,0,0,0,1,6.084264083022891,sigmoid,3,scale,-0.3150773580726093,True,0.0012324044406989,0
autoUniv-au6-750_1549,3,0.3333333333333333,0.0251462459564209,0.0040903091430664,0,1,0,0,1,0,0,0,0,0,1,0,0,0,0,0,0,0,0,0,0,0,0,1,0,0,0.164026675464245,poly,2,scale,0.0997538350614334,True,0.0001613256641503,0
autoUniv-au6-750_1549,3,0.3333333333333333,0.0240213871002197,0.0042109489440917,1,0,0,0,1,0,0,0,0,0,1,0,0,0,0,0,0,0,0,0,0,0,0,1,0,0,0.1242148894595804,linear,3,auto,0.4370636896758512,True,0.0005871760900835,0
autoUniv-au6-750_1549,3,0.32,0.0219991207122802,0.0062463283538818,0,1,0,0,1,0,0,0,0,0,0,0,0,0,0,0,0,1,0,0,0,0,0,1,0,0,0.1331818378952146,rbf,2,scale,-0.0746262289435646,True,0.0001468755447144,0
autoUniv-au6-750_1549,3,0.32,0.0173869132995605,0.0034544467926025,1,0,0,0,1,0,0,0,0,0,0,0,0,0,0,0,0,1,0,0,0,0,0,1,0,0,2.156608030863312,poly,4,scale,-0.2629835203259218,True,0.0001694323419281,0
autoUniv-au6-750_1549,3,0.3133333333333333,0.0462775230407714,0.0079939365386962,0,1,0,0,1,0,1,0,0,0,0,0,0,0,0,0,0,0,0,0,0,0,0,0,0,1,0.7863238244768594,sigmoid,3,scale,-0.0846483778846467,True,0.0002715607030861,0
autoUniv-au6-750_1549,3,0.3133333333333333,0.0277867317199707,0.0050048828125,0,1,0,0,1,0,0,0,0,0,0,1,0,0,0,0,0,0,0,0,0,0,1,0,0,0,0.3082165851768543,rbf,3,auto,0.209229248801959,True,0.0001709591662935,0
autoUniv-au6-750_1549,3,0.3133333333333333,0.0466811656951904,0.0080583095550537,1,0,0,0,1,0,1,0,0,0,0,0,0,0,0,0,0,0,0,0,1,0,0,0,0,0,0.6315357540395423,poly,2,scale,0.633268974127793,False,0.0013227533138086,0
autoUniv-au6-750_1549,3,0.3133333333333333,0.0280795097351074,0.0050375461578369,1,0,0,0,1,0,1,0,0,0,0,0,0,0,0,0,0,0,0,1,0,0,0,0,0,0,3.875799455109246,rbf,4,0.48628625114468205,0.2241242222771014,True,0.0002377062977779,0
autoUniv-au6-750_1549,3,0.3133333333333333,0.0277934074401855,0.0049471855163574,0,1,0,0,1,0,0,0,0,0,0,0,0,1,0,0,0,0,0,0,0,0,1,0,0,0,1.260683330128599,linear,4,scale,0.1937839917936434,True,0.0022857381182552,0
autoUniv-au6-750_1549,3,0.3133333333333333,0.0278279781341552,0.0049777030944824,1,0,0,0,1,0,0,0,0,0,0,0,0,1,0,0,0,0,0,0,0,0,1,0,0,0,3.249454181178949,sigmoid,2,auto,0.5072531323272802,True,0.0001386669567823,0
autoUniv-au6-750_1549,3,0.3133333333333333,0.0273988246917724,0.0048828125,1,0,0,0,1,0,0,0,0,0,0,1,0,0,0,0,0,0,0,0,0,0,1,0,0,0,6.203701903465211,poly,3,auto,-0.2301081731250099,False,0.0019771148950864,0
autoUniv-au6-750_1549,3,0.3133333333333333,0.0265567302703857,0.004683494567871,1,0,0,0,1,0,1,0,0,0,0,0,0,0,0,0,0,0,0,0,0,0,0,0,0,1,2.030767979293677,sigmoid,3,scale,-0.2240480374376984,True,0.000817365656512,0
autoUniv-au6-750_1549,3,0.3133333333333333,0.0468864440917968,0.0080442428588867,1,0,0,0,1,0,0,0,0,1,0,0,0,0,0,0,0,0,0,0,0,0,1,0,0,0,0.232162472742209,poly,3,scale,0.1944024799347123,True,0.0001285141186936,0
autoUniv-au6-750_1549,3,0.3133333333333333,0.0463027954101562,0.0079636573791503,0,1,0,0,1,0,1,0,0,0,0,0,0,0,0,0,0,0,0,1,0,0,0,0,0,0,0.2474901061599692,linear,3,scale,-0.1067410963032629,False,0.0043212215437229,0
autoUniv-au6-750_1549,3,0.3133333333333333,0.0463042259216308,0.0079717636108398,1,0,0,0,1,0,1,0,0,0,0,0,0,0,0,0,0,0,0,0,0,0,0,0,1,0,0.3317240403587082,poly,2,auto,0.0147230869651058,False,0.0001802956015208,0
autoUniv-au6-750_1549,3,0.3133333333333333,0.0456042289733886,0.0078506469726562,0,1,0,0,1,0,0,0,0,1,0,0,0,0,0,0,0,0,0,0,0,0,1,0,0,0,0.1475218747633551,rbf,3,auto,0.0076942783445942,True,0.0086479997416864,0
autoUniv-au6-750_1549,3,0.3133333333333333,0.0277376174926757,0.0048871040344238,0,1,0,0,1,0,1,0,0,0,0,0,0,0,0,0,0,0,0,0,0,0,0,0,1,0,5.585914809507388,rbf,3,scale,0.0520889934385651,True,0.0076189452533156,0
autoUniv-au6-750_1549,3,0.3133333333333333,0.0282025337219238,0.0052723884582519,0,1,0,0,1,0,1,0,0,0,0,0,0,0,0,0,0,0,0,0,1,0,0,0,0,0,0.7361583227815728,rbf,3,auto,0.1575223940605802,False,0.0004346383807297,0
Engine1_4340,2,0.974025974025974,0.0270502567291259,0.0058436393737792,1,0,0,1,0,0,0,0,0,0,0,0,0,0,0,1,0,0,0,0,0,0,0,0,0,1,0.3490998802361298,rbf,3,0.02531579334594562,0.1935285415150086,False,0.0011430714470834,0
Engine1_4340,1,0.974025974025974,0.0023338794708251,0.0005383491516113,0,1,0,0,1,0,1,0,0,0,0,0,0,0,0,0,0,0,0,0,0,0,0,1,0,0,0.1007401626290909,rbf,3,auto,0.1772506321141089,True,0.0094659572729742,0
Engine1_4340,1,0.974025974025974,0.0409016609191894,0.0071907043457031,0,1,0,0,1,0,0,0,0,0,0,0,0,0,0,1,0,0,0,0,0,0,0,1,0,0,9.849348667520202,poly,5,0.5697744186650339,-0.3031883996426693,True,0.0043080932769486,0
Engine1_4340,2,0.974025974025974,0.0273141860961914,0.0059893131256103,0,1,0,0,1,0,0,0,0,0,0,0,0,0,0,1,0,0,0,0,0,0,0,0,0,1,4.538333831050085,rbf,2,scale,0.0673677221440134,False,0.0046068268706289,0
Engine1_4340,1,0.974025974025974,0.0410120487213134,0.0073046684265136,1,0,0,1,0,0,0,0,0,0,0,0,0,0,0,1,0,0,0,0,0,0,0,1,0,0,9.60153990012788,sigmoid,4,scale,-0.0794703698103641,True,0.0045289590635743,0
Engine1_4340,2,0.974025974025974,0.0272393226623535,0.0059492588043212,1,0,0,1,0,0,0,0,0,0,0,0,0,0,0,1,0,0,0,0,1,0,0,0,0,0,0.2321610624936595,rbf,4,scale,-0.149568630231757,True,0.0073076203031599,0
Engine1_4340,2,0.974025974025974,0.0272333621978759,0.0058169364929199,1,0,0,0,1,0,0,0,0,0,0,0,0,0,0,1,0,0,0,0,1,0,0,0,0,0,0.1105161136416542,linear,5,0.028783064700307816,0.3331599422841853,True,0.0010318859465144,0
Engine1_4340,2,0.974025974025974,0.0274274349212646,0.0060553550720214,0,1,0,0,1,0,0,0,0,0,0,0,0,0,0,1,0,0,0,1,0,0,0,0,0,0,0.5664133659910583,rbf,2,scale,-0.4680526270568299,True,0.0002322003119389,0
Engine1_4340,2,0.974025974025974,0.027299165725708,0.0058429241180419,1,0,1,0,0,0,0,0,0,0,0,0,0,0,0,1,0,0,0,0,0,0,0,0,0,1,0.3394184503646268,sigmoid,4,scale,-0.2887101284434117,False,0.0014630674493773,0
Engine1_4340,1,0.974025974025974,0.0405147075653076,0.0072100162506103,1,0,0,0,1,0,0,0,0,0,0,0,0,0,0,1,0,0,0,0,0,0,0,1,0,0,9.55975174223534,linear,2,0.3105066655073077,-0.2210214939008447,False,0.0013906977346778,0
Engine1_4340,1,0.974025974025974,0.0023505687713623,0.0004680156707763,0,1,1,0,0,0,1,0,0,0,0,0,0,0,0,0,0,0,0,0,0,0,0,1,0,0,0.1199743663344344,linear,3,auto,-0.083948327747656,False,0.003171027870661,0
Engine1_4340,2,0.974025974025974,0.0270094871520996,0.0060255527496337,1,0,0,0,1,0,0,0,0,0,0,0,0,0,0,1,0,0,0,0,0,0,0,0,0,1,0.1634012593612974,linear,3,0.19243171424131952,-0.0506498152626274,False,0.0005636934386776,0
Engine1_4340,2,0.974025974025974,0.0275464057922363,0.006070852279663,1,0,1,0,0,0,0,0,0,0,0,0,0,0,0,1,0,0,0,1,0,0,0,0,0,0,0.138589408953477,poly,4,scale,-0.4953977504248081,True,0.0002764913761637,0
Engine1_4340,2,0.974025974025974,0.027433156967163,0.0058465003967285,0,1,0,1,0,0,0,0,0,0,0,0,0,0,0,1,0,0,0,1,0,0,0,0,0,0,4.811621578331228,rbf,5,scale,-0.1075664141677919,False,0.0039053516216265,0
Engine1_4340,2,0.974025974025974,0.0272169113159179,0.0058221817016601,0,1,1,0,0,0,0,0,0,0,0,0,0,0,0,1,0,0,0,0,0,0,0,0,0,1,0.7039744379561698,rbf,2,auto,0.1118806817515522,False,0.000209828177258,0
Engine1_4340,2,0.974025974025974,0.0271389484405517,0.0058779716491699,0,1,1,0,0,0,0,0,0,0,0,0,0,0,0,1,0,0,0,0,1,0,0,0,0,0,0.9937025650240277,poly,2,0.01641131175985816,-0.132768899599746,True,0.0014223732292092,0
Engine1_4340,2,0.974025974025974,0.0273048877716064,0.0058715343475341,1,0,0,1,0,0,0,0,0,0,0,0,0,0,0,1,0,0,0,0,0,0,0,0,1,0,0.3379393391214392,linear,3,scale,-0.4197990390119435,False,0.0068763605571377,0
Engine1_4340,2,0.974025974025974,0.0270466804504394,0.0059046745300292,1,0,0,1,0,0,0,0,0,0,0,0,0,0,0,1,0,0,0,1,0,0,0,0,0,0,0.1892616721874293,poly,2,scale,0.3855187624823946,False,0.0036658396919163,0
Engine1_4340,2,0.974025974025974,0.0271162986755371,0.0058631896972656,1,0,1,0,0,0,0,0,0,0,0,0,0,0,0,1,0,0,0,0,0,0,0,0,1,0,2.440242478425928,linear,2,scale,-0.5145327396863106,True,0.0050890945487886,0
Engine1_4340,2,0.974025974025974,0.0274696350097656,0.0061981678009033,0,1,0,1,0,0,0,0,0,0,0,0,0,0,0,1,0,0,0,0,0,0,0,0,0,1,7.085990975106871,rbf,3,scale,-0.1439168914796549,True,0.0008185672300305,0
PieChart2_1452,3,1.0,0.0022943019866943,0.0004177093505859,1,0,1,0,0,0,0,0,0,0,0,0,0,0,0,0,0,0,1,0,1,0,0,0,0,0,4.565653786233495,rbf,2,scale,0.1371477819547402,True,0.0006224891416195,0
PieChart2_1452,3,1.0,0.0051963329315185,0.001016616821289,0,1,0,0,1,0,0,0,0,1,0,0,0,0,0,0,0,0,0,0,0,0,0,1,0,0,2.9849096722470274,linear,2,scale,0.025116215315179,True,0.0008681030174016,0
PieChart2_1452,3,1.0,0.0042610168457031,0.0011241436004638,1,0,1,0,0,0,1,0,0,0,0,0,0,0,0,0,0,0,0,0,1,0,0,0,0,0,0.5763721935438714,rbf,3,0.18260311276740956,0.1487087875070945,True,0.0006471885267651,0
PieChart2_1452,3,1.0,0.0025458335876464,0.0004830360412597,0,1,0,0,1,0,0,0,0,0,1,0,0,0,0,0,0,0,0,0,0,0,0,1,0,0,7.193739318354671,rbf,3,scale,0.0759624157818403,False,0.0002311490536578,0
PieChart2_1452,3,1.0,0.0028924942016601,0.0006089210510253,1,0,1,0,0,0,0,0,0,0,0,0,0,0,0,0,0,1,0,0,1,0,0,0,0,0,7.120992498640864,poly,4,auto,-0.3861391692601426,False,0.0007677074206662,0
PieChart2_1452,3,1.0,0.0032892227172851,0.0013544559478759,1,0,1,0,0,0,0,0,0,0,0,1,0,0,0,0,0,0,0,0,1,0,0,0,0,0,2.017523146181075,linear,3,scale,-0.4147095854307049,True,0.0045304656113142,0
PieChart2_1452,3,1.0,0.0068247318267822,0.0022430419921875,1,0,1,0,0,0,0,0,0,0,0,0,0,0,1,0,0,0,0,0,1,0,0,0,0,0,0.6315439484283545,sigmoid,3,scale,-0.4835927399085375,False,0.0002204084042636,0
PieChart2_1452,3,1.0,0.0024278163909912,0.0004477500915527,0,1,0,0,1,1,0,0,0,0,0,0,0,0,0,0,0,0,0,0,0,0,0,1,0,0,2.720449605646992,poly,2,scale,0.3126651021575459,False,0.0001294169664841,0
PieChart2_1452,3,1.0,0.0025675296783447,0.0004363059997558,1,0,1,0,0,0,0,0,1,0,0,0,0,0,0,0,0,0,0,0,1,0,0,0,0,0,1.3149564221522922,rbf,3,0.32112611881733144,0.0433954317742421,True,0.0029348985880345,0
PieChart2_1452,3,1.0,0.0079042911529541,0.0025286674499511,1,0,1,0,0,0,0,0,0,0,0,0,1,0,0,0,0,0,0,0,1,0,0,0,0,0,0.4944373446984827,sigmoid,4,auto,0.0055848230580121,False,0.0001353322182948,0
PieChart2_1452,3,1.0,0.0035431385040283,0.0007796287536621,1,0,1,0,0,0,0,0,0,0,0,0,0,1,0,0,0,0,0,0,1,0,0,0,0,0,1.264928545556504,rbf,2,scale,0.1504582059707366,False,0.0021566808945988,0
PieChart2_1452,3,1.0,0.0030891895294189,0.0006263256072998,0,1,0,0,1,0,0,1,0,0,0,0,0,0,0,0,0,0,0,0,0,0,0,1,0,0,0.251439917035686,poly,2,0.06051055170789576,0.3045736662213005,True,0.0022214554531016,0
PieChart2_1452,3,1.0,0.0048747062683105,0.0012457370758056,0,1,0,0,1,0,1,0,0,0,0,0,0,0,0,0,0,0,0,0,0,0,0,1,0,0,2.169132532497144,poly,4,auto,0.0443365554923212,False,0.0002656806507198,0
PieChart2_1452,3,1.0,0.0081040859222412,0.0026745796203613,1,0,0,0,1,0,0,0,0,0,0,0,0,0,1,0,0,0,0,0,0,0,0,0,1,0,6.580479057316157,poly,3,auto,-0.1714024518716782,False,0.000138505703521,0
PieChart2_1452,3,1.0,0.0031344890594482,0.0006141662597656,1,0,0,0,1,0,0,0,0,0,0,0,0,0,0,0,0,1,0,0,0,0,0,0,1,0,1.149937333541362,rbf,2,auto,-0.0174085008038347,True,0.0001137358736655,0
PieChart2_1452,3,1.0,0.002697467803955,0.0004396438598632,1,0,0,0,1,0,0,0,1,0,0,0,0,0,0,0,0,0,0,0,0,0,0,0,1,0,0.4401736118114153,rbf,3,scale,-0.3630216027468523,True,0.0033540827750788,0
PieChart2_1452,3,1.0,0.0042488574981689,0.0010232925415039,1,0,0,0,1,0,1,0,0,0,0,0,0,0,0,0,0,0,0,0,0,0,0,0,1,0,8.4301544638919,linear,4,scale,-0.0290624940137763,True,0.0019421748854701,0
PieChart2_1452,3,1.0,0.01058030128479,0.0037603378295898,1,0,0,0,1,0,0,0,0,0,0,0,0,0,1,0,0,0,0,1,0,0,0,0,0,0,1.8819705680221592,rbf,2,scale,0.1357773805576755,False,0.000456435744508,0
PieChart2_1452,3,1.0,0.0027434825897216,0.0004847049713134,1,0,0,0,1,0,0,0,0,0,0,0,0,0,0,0,0,1,0,1,0,0,0,0,0,0,1.0991088980274817,rbf,2,scale,0.2271217577158236,True,0.0007229581098854,0
PieChart2_1452,3,1.0,0.0038776397705078,0.0009803771972656,1,0,0,0,1,0,1,0,0,0,0,0,0,0,0,0,0,0,0,1,0,0,0,0,0,0,0.6477052399130053,rbf,3,scale,0.2614796809022002,True,0.0004194266856307,0
German-Credit-Risk-with-Target_46116,0,0.8,0.0135483741760253,0.0035092830657958,0,1,0,1,0,1,0,0,0,0,0,0,0,0,0,0,0,0,0,0,0,0,1,0,0,0,1.2461825488870233,sigmoid,2,0.9288496511576612,0.4749000049369675,True,0.0012069638212882,0
German-Credit-Risk-with-Target_46116,0,0.8,0.014378547668457,0.0037040710449218,1,0,0,1,0,1,0,0,0,0,0,0,0,0,0,0,0,0,0,0,0,0,1,0,0,0,0.9813195404529425,rbf,4,scale,-0.3103784329089575,True,0.0001897207459061,0
German-Credit-Risk-with-Target_46116,3,0.775,0.1726205348968505,0.0387337207794189,0,1,0,1,0,0,0,0,0,0,0,0,0,0,0,1,0,0,0,0,0,1,0,0,0,0,4.278550024434788,linear,4,scale,0.0487841970387962,False,0.000931181584365,0
German-Credit-Risk-with-Target_46116,0,0.775,0.017521858215332,0.0047733783721923,1,0,0,1,0,0,1,0,0,0,0,0,0,0,0,0,0,0,0,0,0,0,1,0,0,0,6.220100873751332,sigmoid,2,scale,-0.1234445732611317,False,0.0002561207370848,0
German-Credit-Risk-with-Target_46116,4,0.775,0.0492126941680908,0.0251824855804443,1,0,0,1,0,0,0,0,0,0,0,0,0,0,1,0,0,0,0,0,0,0,0,0,1,0,3.724041828542589,rbf,2,scale,-0.1537672652058367,False,0.0008631609469702,0
German-Credit-Risk-with-Target_46116,0,0.775,0.0140986442565917,0.0034348964691162,0,1,0,1,0,0,0,0,0,0,1,0,0,0,0,0,0,0,0,0,0,0,1,0,0,0,0.4506847042597736,rbf,4,scale,-0.0183154316666503,True,0.0050707038140122,0
German-Credit-Risk-with-Target_46116,0,0.775,0.0152182579040527,0.0036180019378662,1,0,0,1,0,0,0,0,0,0,1,0,0,0,0,0,0,0,0,0,0,0,1,0,0,0,1.660063607481116,rbf,3,auto,-0.0061361765142075,True,0.0077829206895633,0
German-Credit-Risk-with-Target_46116,4,0.775,0.05605149269104,0.0246338844299316,0,1,0,1,0,0,0,0,0,0,0,0,0,0,1,0,0,0,0,0,0,0,0,0,1,0,7.127452481581386,poly,2,auto,0.3352088322270388,True,0.0002531275243042,0
German-Credit-Risk-with-Target_46116,3,0.775,0.2185304164886474,0.0499889850616455,0,1,0,0,1,0,0,0,0,0,0,0,0,0,0,1,0,0,0,0,0,0,0,1,0,0,7.424295377961045,sigmoid,4,scale,0.3360849874882843,True,0.0003169211730218,0
German-Credit-Risk-with-Target_46116,0,0.77,0.0147058963775634,0.0037038326263427,0,1,0,1,0,1,0,0,0,0,0,0,0,0,0,0,0,0,0,0,0,0,0,0,0,1,6.58102159271521,rbf,3,auto,-0.5006302193953551,True,0.0044082098394592,0
German-Credit-Risk-with-Target_46116,3,0.77,0.2188491821289062,0.0500564575195312,0,1,0,0,1,0,0,0,0,0,0,0,0,0,0,1,0,0,0,0,0,1,0,0,0,0,0.4164803654416333,linear,4,scale,-0.1425389427486247,True,0.0011730093125343,0
German-Credit-Risk-with-Target_46116,0,0.77,0.0137226581573486,0.0035309791564941,1,0,0,1,0,1,0,0,0,0,0,0,0,0,0,0,0,0,0,0,0,0,0,0,0,1,1.9755047466061733,poly,2,scale,0.1093043857143501,False,0.0001829640725246,0
German-Credit-Risk-with-Target_46116,3,0.77,0.1795740127563476,0.0425279140472412,1,0,0,1,0,0,0,0,0,0,0,0,0,0,0,1,0,0,0,0,0,1,0,0,0,0,1.2890870176991078,sigmoid,3,auto,0.1432882644923744,False,0.0036555328163421,0
German-Credit-Risk-with-Target_46116,0,0.765,0.0171642303466796,0.0035719871520996,0,1,0,1,0,0,0,0,0,0,0,0,0,0,0,0,0,1,0,0,0,0,1,0,0,0,0.8707113816464924,rbf,4,0.9384124003766751,-0.2332474117291299,False,0.0016606821762484,0
German-Credit-Risk-with-Target_46116,0,0.765,0.0156307220458984,0.0037968158721923,0,1,0,1,0,1,0,0,0,0,0,0,0,0,0,0,0,0,0,0,0,0,0,1,0,0,9.626565061806394,linear,3,auto,-0.3765593349047064,False,0.0048456314600362,0
German-Credit-Risk-with-Target_46116,0,0.765,0.0165572166442871,0.0040106773376464,0,1,0,1,0,0,0,0,0,0,0,0,0,0,0,0,0,1,0,1,0,0,0,0,0,0,0.4939883414510009,linear,2,scale,0.039431609817833,True,0.0008872112825548,0
German-Credit-Risk-with-Target_46116,3,0.765,0.014707326889038,0.0035920143127441,0,1,0,0,1,0,0,0,0,0,1,0,0,0,0,0,0,0,0,0,0,0,0,1,0,0,0.2883931836170257,linear,4,scale,-0.2914573019819567,False,0.000622643022062,0
German-Credit-Risk-with-Target_46116,0,0.765,0.0140852928161621,0.0035321712493896,0,1,0,0,1,1,0,0,0,0,0,0,0,0,0,0,0,0,0,1,0,0,0,0,0,0,1.3135542091182957,linear,4,scale,0.0333553497528903,False,0.0003021896829082,0
German-Credit-Risk-with-Target_46116,0,0.765,0.0123498439788818,0.0035672187805175,1,0,0,1,0,0,0,0,0,0,0,0,0,0,0,0,0,1,0,1,0,0,0,0,0,0,0.1477697369306934,rbf,3,scale,0.1153958573867663,True,0.0001892685482417,0
German-Credit-Risk-with-Target_46116,3,0.765,0.0333094596862793,0.0133397579193115,0,1,0,0,1,0,0,0,0,1,0,0,0,0,0,0,0,0,0,0,0,0,0,0,1,0,2.943239768663107,rbf,3,auto,0.1950297718474528,True,0.003155780804855,0
analcatdata_germangss_1025,3,0.9625,0.0439701080322265,0.008211612701416,1,0,0,1,0,0,0,0,0,0,0,0,0,0,0,1,0,0,0,0,0,1,0,0,0,0,0.1010460432977018,rbf,4,0.01733586428431021,0.1168511051685224,True,0.0001086527932102,0
analcatdata_germangss_1025,3,0.9625,0.0453717708587646,0.0083692073822021,0,1,0,1,0,0,0,0,0,0,0,0,0,0,0,1,0,0,0,0,0,1,0,0,0,0,0.224858128136011,rbf,4,0.07779614750364981,-0.0542324744465105,True,0.0002161373993832,0
analcatdata_germangss_1025,3,0.95,0.0444409847259521,0.0082368850708007,1,0,0,1,0,0,0,0,0,0,0,0,0,0,0,1,0,0,0,0,0,0,0,0,0,1,9.275695729767214,linear,3,scale,-0.0885231340145418,False,0.0002071426672278,0
analcatdata_germangss_1025,0,0.95,0.0019659996032714,0.0004370212554931,1,0,0,1,0,0,0,0,0,0,1,0,0,0,0,0,0,0,0,0,0,0,0,0,0,1,0.1914611962530532,poly,2,scale,0.3813756056366089,True,0.009622696243425,0
analcatdata_germangss_1025,2,0.95,0.003164529800415,0.0006170272827148,0,1,0,1,0,0,1,0,0,0,0,0,0,0,0,0,0,0,0,0,1,0,0,0,0,0,0.1181255831462326,rbf,4,auto,-0.0644796822249309,False,0.0002281635694624,0
analcatdata_germangss_1025,3,0.95,0.0439515113830566,0.0084354877471923,1,0,0,1,0,0,0,0,0,0,0,0,0,0,0,1,0,0,0,0,0,0,0,1,0,0,0.2898868810098259,rbf,4,scale,-0.524711169520685,True,0.0022384405993692,0
analcatdata_germangss_1025,0,0.95,0.002044677734375,0.0004575252532958,0,1,0,1,0,0,0,0,0,0,1,0,0,0,0,0,0,0,0,0,0,0,0,0,0,1,0.3252669315287953,poly,2,scale,0.0734443227488514,True,0.001581702629173,0
analcatdata_germangss_1025,3,0.95,0.0449650287628173,0.0083627700805664,0,1,0,1,0,0,0,0,0,0,0,0,0,0,0,1,0,0,0,0,0,0,1,0,0,0,0.1536671581531265,rbf,4,auto,-0.0328697063278107,True,0.000115196952377,0
analcatdata_germangss_1025,3,0.95,0.043760061264038,0.0080592632293701,1,0,0,1,0,0,0,0,0,0,0,0,0,0,0,1,0,0,0,1,0,0,0,0,0,0,0.359088120155615,linear,5,0.011563870576287686,-0.1327196771379545,True,0.0024475345668855,0
analcatdata_germangss_1025,0,0.95,0.0018219947814941,0.0004076957702636,0,1,0,1,0,0,0,0,0,0,1,0,0,0,0,0,0,0,0,0,1,0,0,0,0,0,0.948309527455748,rbf,2,scale,0.1087175831298142,False,0.0039844988586785,0
analcatdata_germangss_1025,2,0.95,0.0031924247741699,0.0006411075592041,1,0,0,1,0,0,1,0,0,0,0,0,0,0,0,0,0,0,0,0,1,0,0,0,0,0,0.6987090649064711,rbf,2,scale,0.1890381931618127,True,0.0001384904887955,0
analcatdata_germangss_1025,3,0.95,0.0440125465393066,0.0083756446838378,0,1,0,1,0,0,0,0,0,0,0,0,0,0,0,1,0,0,0,1,0,0,0,0,0,0,0.1450871842794695,linear,4,scale,0.2368161871182781,False,0.0019904920632639,0
analcatdata_germangss_1025,3,0.95,0.0437140464782714,0.0082588195800781,1,0,0,1,0,0,0,0,0,0,0,0,0,0,0,1,0,0,0,0,0,0,0,0,1,0,0.4377470905641615,sigmoid,3,scale,0.2183393663561558,True,0.0001112560817569,0
analcatdata_germangss_1025,3,0.95,0.0416173934936523,0.0077753067016601,1,0,0,1,0,0,0,0,0,0,0,0,0,0,0,1,0,0,0,0,1,0,0,0,0,0,2.3338222044155112,poly,2,scale,0.340644528068396,True,0.0005456621371009,0
analcatdata_germangss_1025,3,0.95,0.0434882640838623,0.0081181526184082,0,1,0,1,0,0,0,0,0,0,0,0,0,0,0,1,0,0,0,0,0,0,0,0,1,0,0.7144153726522451,linear,4,scale,0.0146506086646094,False,0.0015595718077273,0
analcatdata_germangss_1025,0,0.95,0.0017569065093994,0.0004186630249023,1,0,0,1,0,0,0,0,0,0,1,0,0,0,0,0,0,0,0,0,1,0,0,0,0,0,0.3843196622339543,linear,3,0.021738755805409207,-0.0172966241513302,True,0.0007434845699623,0
analcatdata_germangss_1025,3,0.95,0.0441176891326904,0.0081984996795654,0,1,0,1,0,0,0,0,0,0,0,0,0,0,0,1,0,0,0,0,1,0,0,0,0,0,0.1856553623371426,rbf,4,scale,-0.0508324935947201,True,0.0001620431372603,0
analcatdata_germangss_1025,3,0.95,0.0445528030395507,0.0084335803985595,0,1,0,1,0,0,0,0,0,0,0,0,0,0,0,1,0,0,0,0,0,0,0,1,0,0,0.550000155594817,sigmoid,2,scale,-0.0310668430890268,True,0.0072652389245275,0
analcatdata_germangss_1025,3,0.95,0.0446770191192626,0.0084033012390136,1,0,0,1,0,0,0,0,0,0,0,0,0,0,0,1,0,0,0,0,0,0,1,0,0,0,3.586284326752875,linear,3,auto,0.2991007483251395,True,0.000538608039309,0
analcatdata_germangss_1025,3,0.95,0.0437996387481689,0.0083229541778564,0,1,0,1,0,0,0,0,0,0,0,0,0,0,0,1,0,0,0,0,0,0,0,0,0,1,0.6647592630307002,poly,4,auto,0.3451749838895972,True,0.002337614427132,0
chscase_census6_900,1,0.6375,0.0089936256408691,0.0031111240386962,1,0,1,0,0,0,0,0,0,0,0,0,0,0,0,0,1,0,0,0,1,0,0,0,0,0,0.9538848059815036,rbf,3,auto,0.236777774198518,False,0.0001366473240811,0
chscase_census6_900,1,0.6375,0.0097420215606689,0.0032460689544677,1,0,0,1,0,0,0,0,0,0,0,0,1,0,0,0,0,0,0,0,0,0,1,0,0,0,3.1046106302409022,poly,2,0.06372324066681162,0.1132353901149222,False,0.0027620475292276,0
chscase_census6_900,1,0.6375,0.010099172592163,0.0027112960815429,0,1,0,0,1,0,0,0,0,0,0,0,0,0,0,0,1,0,0,0,1,0,0,0,0,0,0.1926226925911822,sigmoid,2,scale,0.3363791418974647,False,0.0081934629986341,0
chscase_census6_900,1,0.6375,0.0089111328125,0.0029847621917724,1,0,0,0,1,0,0,0,0,0,0,0,0,0,0,0,1,0,0,0,1,0,0,0,0,0,5.888098734216362,rbf,3,scale,0.3146695662174694,True,0.0014886981630538,0
chscase_census6_900,1,0.6375,0.0084657669067382,0.0028624534606933,1,0,1,0,0,0,0,0,0,0,0,0,1,0,0,0,0,0,0,0,0,0,1,0,0,0,5.676946862099495,rbf,3,0.011095399054024742,0.2670016109571457,True,0.0024813741414717,0
chscase_census6_900,1,0.6375,0.0087916851043701,0.0029525756835937,0,1,1,0,0,0,0,0,0,0,0,0,0,0,0,0,1,0,0,0,1,0,0,0,0,0,0.66240085055903,linear,2,scale,-0.0658955416604913,True,0.0009406509828869,0
chscase_census6_900,1,0.6375,0.0087909698486328,0.0030643939971923,0,1,1,0,0,0,0,0,0,0,0,0,1,0,0,0,0,0,0,0,0,0,1,0,0,0,2.692019384791146,poly,4,scale,-0.240281295906501,True,0.0016164691176078,0
chscase_census6_900,1,0.6375,0.0095007419586181,0.0034370422363281,1,0,0,0,1,0,0,0,0,0,0,0,1,0,0,0,0,0,0,0,0,0,1,0,0,0,0.968037452093922,poly,3,scale,-0.4855523915693461,False,0.00785299068147,0
chscase_census6_900,1,0.6375,0.0089097023010253,0.0029726028442382,0,1,0,0,1,0,0,0,0,0,0,0,1,0,0,0,0,0,0,0,0,0,1,0,0,0,0.1483048735790113,sigmoid,3,scale,-0.1245109995070032,True,0.0006565113777617,0
chscase_census6_900,1,0.6375,0.0094683170318603,0.0032160282135009,1,0,0,1,0,0,0,0,0,0,0,0,0,0,0,0,1,0,0,0,1,0,0,0,0,0,0.1774585470077103,sigmoid,2,scale,0.3131572237114142,False,0.0001240129791445,0
chscase_census6_900,1,0.6375,0.009124755859375,0.0029878616333007,0,1,0,1,0,0,0,0,0,0,0,0,1,0,0,0,0,0,0,0,0,0,1,0,0,0,0.1242113382240559,linear,2,auto,0.3820480918567466,False,0.004430775768242,0
chscase_census6_900,1,0.6375,0.0081808567047119,0.0026249885559082,0,1,0,1,0,0,0,0,0,0,0,0,0,0,0,0,1,0,0,0,1,0,0,0,0,0,0.1197738704798023,sigmoid,4,0.01030454923936873,-0.2253502465084294,False,0.0083795791828273,0
chscase_census6_900,3,0.625,0.0082521438598632,0.0028212070465087,0,1,1,0,0,0,0,0,0,0,0,0,1,0,0,0,0,0,0,0,1,0,0,0,0,0,8.630448960537077,rbf,3,scale,0.3163050717393519,True,0.0001134650419341,0
chscase_census6_900,1,0.625,0.0033061504364013,0.0007863044738769,0,1,1,0,0,0,0,0,0,0,0,0,0,0,0,0,0,0,1,0,1,0,0,0,0,0,0.1999052137586137,rbf,3,scale,-0.1341588980013315,True,0.0001029028579881,0
chscase_census6_900,0,0.625,0.0045113563537597,0.0011262893676757,0,1,1,0,0,0,0,0,0,0,0,0,0,0,1,0,0,0,0,0,0,0,0,0,1,0,0.1968843451539353,rbf,3,scale,0.0301495593705064,True,0.0011370396522898,0
chscase_census6_900,0,0.625,0.0056376457214355,0.0013301372528076,1,0,0,0,1,0,0,0,0,0,0,1,0,0,0,0,0,0,0,0,0,0,0,0,1,0,3.094587584209801,sigmoid,3,scale,-0.1998423852488534,True,0.0019889993187365,0
chscase_census6_900,3,0.625,0.0074601173400878,0.0023410320281982,0,1,1,0,0,0,0,0,0,0,0,0,0,0,0,0,1,0,0,0,0,0,0,0,1,0,1.6188168968419596,sigmoid,4,0.32172784115192965,0.4198248638822211,True,0.0001430361801678,0
chscase_census6_900,3,0.625,0.00797700881958,0.0025267601013183,0,1,0,0,1,0,0,0,0,0,0,0,0,0,0,0,1,0,0,0,0,0,0,0,0,1,5.2628641595372425,rbf,4,scale,0.4539990879128707,True,0.0001173363041086,0
chscase_census6_900,1,0.625,0.0036053657531738,0.0008478164672851,0,1,0,0,1,0,0,0,0,0,0,0,0,0,0,0,0,0,1,0,1,0,0,0,0,0,2.9403034052356585,rbf,2,auto,-0.4208177626020337,False,0.0087850182987211,0
chscase_census6_900,0,0.625,0.0040702819824218,0.000995397567749,1,0,0,1,0,0,0,0,0,0,1,0,0,0,0,0,0,0,0,0,0,1,0,0,0,0,2.469157907591755,linear,4,scale,-0.1007881042091899,False,0.0090185878255196,0
visualizing_galaxy_925,0,0.9846153846153848,0.0028402805328369,0.0013692378997802,0,1,1,0,0,0,0,0,0,0,0,0,0,0,0,0,1,0,0,0,0,1,0,0,0,0,1.8087265304098008,linear,3,scale,0.2309441131572363,False,0.0002483987960782,0
visualizing_galaxy_925,0,0.9846153846153848,0.0023732185363769,0.0005829334259033,1,0,0,0,1,0,0,0,0,0,0,0,0,0,0,0,1,0,0,0,0,0,0,1,0,0,0.2018863224853098,sigmoid,2,0.08143087927350656,-0.1523453623897025,True,0.005543565076966,0
visualizing_galaxy_925,0,0.9846153846153848,0.0220742225646972,0.0043351650238037,0,1,0,0,1,0,0,0,0,0,0,0,0,0,0,1,0,0,0,0,0,0,1,0,0,0,2.771272790946682,poly,2,scale,-0.0404544145498855,True,0.0061588764886243,0
visualizing_galaxy_925,0,0.9846153846153848,0.0041851997375488,0.0010073184967041,0,1,0,0,1,0,0,0,0,0,0,0,0,0,0,0,1,0,0,0,0,0,0,1,0,0,1.796210288865154,rbf,5,scale,-0.3519018794702063,True,0.0020512829355163,0
visualizing_galaxy_925,0,0.9846153846153848,0.0027587413787841,0.0007059574127197,1,0,0,0,1,0,0,0,0,0,0,0,1,0,0,0,0,0,0,0,0,0,0,1,0,0,1.333780169483896,sigmoid,3,auto,-0.1381558692055247,True,0.0001319290279541,0
visualizing_galaxy_925,0,0.9846153846153848,0.0022709369659423,0.0004353523254394,1,0,0,0,1,0,0,0,0,0,0,1,0,0,0,0,0,0,0,0,0,1,0,0,0,0,3.124601804385677,sigmoid,3,scale,-0.0787446709435052,True,0.0037690437120703,0
visualizing_galaxy_925,0,0.9846153846153848,0.0016863346099853,0.0003609657287597,0,1,0,1,0,0,0,0,0,0,0,0,0,0,1,0,0,0,0,0,0,1,0,0,0,0,0.1779738177458439,rbf,2,auto,-0.1900697766038456,True,0.0002567615388147,0
visualizing_galaxy_925,0,0.9846153846153848,0.0027799606323242,0.0007994174957275,0,1,0,1,0,0,0,0,0,0,0,0,0,0,0,0,1,0,0,0,0,1,0,0,0,0,3.050829229753043,linear,2,scale,0.1599699851446004,True,0.0079444069373225,0
visualizing_galaxy_925,0,0.9846153846153848,0.0021977424621582,0.0004329681396484,0,1,0,1,0,0,0,0,0,0,0,1,0,0,0,0,0,0,0,0,0,1,0,0,0,0,5.607240272529621,rbf,4,scale,0.1156182616496408,True,0.0080783237244169,0
visualizing_galaxy_925,0,0.9846153846153848,0.0020163059234619,0.0003855228424072,0,1,0,1,0,0,0,0,0,1,0,0,0,0,0,0,0,0,0,0,0,1,0,0,0,0,0.2302819881358324,rbf,2,auto,-0.252914080522731,True,0.0002967102448488,0
visualizing_galaxy_925,0,0.9846153846153848,0.0026607513427734,0.0007464885711669,0,1,0,1,0,0,0,0,0,0,0,0,0,0,0,0,1,0,0,0,0,0,0,1,0,0,2.50665777962977,linear,3,auto,-0.2339348038603113,False,0.0002362666738528,0
visualizing_galaxy_925,0,0.9846153846153848,0.0227715969085693,0.0044014453887939,0,1,0,1,0,0,0,0,0,0,0,0,0,0,0,1,0,0,0,0,0,0,1,0,0,0,6.072979715285209,sigmoid,3,auto,-0.3815630463516133,False,0.0018449069629296,0
visualizing_galaxy_925,0,0.9846153846153848,0.0016753673553466,0.00032639503479,0,1,0,1,0,0,0,0,0,0,0,0,0,1,0,0,0,0,0,0,0,1,0,0,0,0,0.1777320940160387,poly,3,scale,-0.0091139612074103,True,0.0005150531709879,0
visualizing_galaxy_925,0,0.9846153846153848,0.0014114379882812,0.0002582073211669,0,1,0,1,0,0,1,0,0,0,0,0,0,0,0,0,0,0,0,0,0,1,0,0,0,0,2.706981532918821,rbf,3,scale,-0.6334353714241833,True,0.004136857305727,0
visualizing_galaxy_925,0,0.9846153846153848,0.0021865367889404,0.0004031658172607,0,1,1,0,0,0,0,0,0,1,0,0,0,0,0,0,0,0,0,0,0,1,0,0,0,0,2.000492120123375,sigmoid,2,scale,0.0768067532128951,True,0.0001907784161674,0
visualizing_galaxy_925,0,0.9846153846153848,0.022355318069458,0.0044431686401367,1,0,0,0,1,0,0,0,0,0,0,0,0,0,0,1,0,0,0,0,0,0,1,0,0,0,0.2758848817221235,rbf,3,scale,0.4964408769019172,True,0.0066147094599491,0
visualizing_galaxy_925,0,0.9846153846153848,0.0019218921661376,0.0003726482391357,0,1,0,0,1,0,0,0,0,1,0,0,0,0,0,0,0,0,0,0,0,1,0,0,0,0,0.3874030171173819,poly,3,auto,-0.5921401285933211,True,0.0086686014242883,0
visualizing_galaxy_925,0,0.9846153846153848,0.0014808177947998,0.000274658203125,0,1,1,0,0,0,1,0,0,0,0,0,0,0,0,0,0,0,0,0,0,1,0,0,0,0,8.786683957381264,linear,5,scale,-0.1362796765776704,False,0.0014469166502849,0
visualizing_galaxy_925,0,0.9846153846153848,0.0018751621246337,0.0003430843353271,0,1,1,0,0,0,0,0,0,0,0,0,0,1,0,0,0,0,0,0,0,1,0,0,0,0,0.5766534506729232,sigmoid,2,auto,-0.1583034980700699,True,0.0003949503955864,0
visualizing_galaxy_925,0,0.9846153846153848,0.0024974346160888,0.000640869140625,0,1,0,1,0,0,0,0,0,0,0,0,1,0,0,0,0,0,0,0,0,1,0,0,0,0,8.450073878502343,rbf,4,scale,0.1920565595061567,False,0.0012002637612649,0
fri_c4_1000_50_797,4,0.97,0.0087878704071044,0.0023603439331054,1,0,0,0,1,1,0,0,0,0,0,0,0,0,0,0,0,0,0,1,0,0,0,0,0,0,0.4233670780147222,poly,3,scale,-0.3382258675536586,False,0.0007654272897998,0
fri_c4_1000_50_797,4,0.97,0.0085196495056152,0.0024981498718261,0,1,0,1,0,1,0,0,0,0,0,0,0,0,0,0,0,0,0,1,0,0,0,0,0,0,0.1504566834135796,rbf,3,auto,0.2941291805603751,True,0.0047854020065326,0
fri_c4_1000_50_797,4,0.97,0.0090527534484863,0.0025482177734375,1,0,1,0,0,1,0,0,0,0,0,0,0,0,0,0,0,0,0,1,0,0,0,0,0,0,4.160098217856415,poly,3,auto,0.189024837983626,False,0.0001776759363515,0
fri_c4_1000_50_797,4,0.97,0.0090517997741699,0.002467393875122,0,1,0,0,1,1,0,0,0,0,0,0,0,0,0,0,0,0,0,1,0,0,0,0,0,0,5.648856455278316,poly,2,scale,-0.2152318480739078,False,0.0016071292020437,0
fri_c4_1000_50_797,4,0.97,0.0089907646179199,0.0025207996368408,1,0,0,1,0,1,0,0,0,0,0,0,0,0,0,0,0,0,0,1,0,0,0,0,0,0,0.2680446137723122,rbf,4,scale,0.0892436923593912,True,0.0001190604773479,0
fri_c4_1000_50_797,4,0.97,0.0091664791107177,0.002486228942871,0,1,1,0,0,1,0,0,0,0,0,0,0,0,0,0,0,0,0,1,0,0,0,0,0,0,0.7176777054621448,rbf,3,scale,0.0289035818206027,False,0.0009404057351201,0
fri_c4_1000_50_797,4,0.96,0.0089032649993896,0.002448558807373,0,1,0,0,1,1,0,0,0,0,0,0,0,0,0,0,0,0,0,0,0,0,0,0,0,1,0.4638338684078787,poly,3,auto,-0.1061879545341255,True,0.0001035236597884,0
fri_c4_1000_50_797,4,0.96,0.0089244842529296,0.0026133060455322,1,0,1,0,0,1,0,0,0,0,0,0,0,0,0,0,0,0,0,0,0,0,0,0,0,1,6.465934581759859,linear,4,auto,-0.0252844841236843,True,0.0050982248997043,0
fri_c4_1000_50_797,4,0.96,0.0088300704956054,0.0023667812347412,1,0,0,1,0,1,0,0,0,0,0,0,0,0,0,0,0,0,0,0,0,0,0,0,0,1,0.3774397420650071,poly,3,auto,0.2787401595078816,True,0.0002490553487179,0
fri_c4_1000_50_797,4,0.96,0.0084195137023925,0.0026328563690185,1,0,0,1,0,1,0,0,0,0,0,0,0,0,0,0,0,0,0,0,1,0,0,0,0,0,2.394913462305078,rbf,3,scale,0.831044486679907,True,0.0009688128178064,0
fri_c4_1000_50_797,4,0.96,0.0087921619415283,0.0024788379669189,0,1,0,1,0,1,0,0,0,0,0,0,0,0,0,0,0,0,0,0,0,0,0,0,0,1,2.06264380264358,sigmoid,4,scale,-0.2254022340991509,False,0.001678064565402,0
fri_c4_1000_50_797,4,0.96,0.008707046508789,0.002547264099121,0,1,1,0,0,1,0,0,0,0,0,0,0,0,0,0,0,0,0,0,0,0,0,1,0,0,0.4318369271175515,rbf,2,scale,-0.0827629071391719,False,0.0013595211415674,0
fri_c4_1000_50_797,4,0.96,0.00881028175354,0.0026056766510009,1,0,1,0,0,1,0,0,0,0,0,0,0,0,0,0,0,0,0,0,0,0,0,1,0,0,0.589926239761304,linear,3,scale,-0.5480276683957985,False,0.0017758495955911,0
fri_c4_1000_50_797,4,0.96,0.0084524154663085,0.0024490356445312,0,1,0,1,0,1,0,0,0,0,0,0,0,0,0,0,0,0,0,0,1,0,0,0,0,0,0.5111927394338623,rbf,2,auto,0.4870504634107974,False,0.0047077196566306,0
fri_c4_1000_50_797,4,0.96,0.0085790157318115,0.0024843215942382,0,1,1,0,0,1,0,0,0,0,0,0,0,0,0,0,0,0,0,0,1,0,0,0,0,0,0.4796977192007097,poly,2,auto,-0.3481956694833538,False,0.0018593773415669,0
fri_c4_1000_50_797,4,0.96,0.008746862411499,0.0025038719177246,1,0,0,0,1,1,0,0,0,0,0,0,0,0,0,0,0,0,0,0,0,0,0,1,0,0,0.5327959378620996,rbf,2,0.38807706930482644,-0.3789227767062489,True,0.0092012787951075,0
fri_c4_1000_50_797,4,0.96,0.008716344833374,0.0024595260620117,0,1,1,0,0,1,0,0,0,0,0,0,0,0,0,0,0,0,0,0,0,0,0,0,0,1,0.3937377775369884,sigmoid,3,scale,0.7566511168960085,False,0.000374380789258,0
fri_c4_1000_50_797,4,0.96,0.0088422298431396,0.0026118755340576,0,1,0,0,1,1,0,0,0,0,0,0,0,0,0,0,0,0,0,0,0,0,0,1,0,0,2.6355909680967136,linear,2,scale,-0.0995250570477784,True,0.000763697563149,0
fri_c4_1000_50_797,4,0.96,0.0089170932769775,0.0024912357330322,1,0,0,0,1,1,0,0,0,0,0,0,0,0,0,0,0,0,0,0,0,0,0,0,0,1,0.8549993364281121,poly,4,scale,-0.5228328592425514,True,0.0013067429940155,0
fri_c4_1000_50_797,4,0.96,0.0087897777557373,0.0025374889373779,1,0,0,1,0,1,0,0,0,0,0,0,0,0,0,0,0,0,0,0,0,0,0,1,0,0,0.1698785216601666,rbf,5,auto,-0.6286097426860063,False,0.0031333632978288,0
MegaWatt1_1442,3,0.96,0.00169038772583,0.0002496242523193,0,1,0,0,1,0,0,1,0,0,0,0,0,0,0,0,0,0,0,0,0,0,0,1,0,0,5.464691713026838,linear,3,scale,0.5501684664209194,True,0.000887138323962,0
MegaWatt1_1442,3,0.96,0.0017280578613281,0.0002601146697998,1,0,1,0,0,0,0,0,0,0,0,0,0,0,0,0,0,0,1,0,1,0,0,0,0,0,1.0368838023933675,poly,3,0.2503930573531928,0.4287516158108642,True,0.0001379108886413,0
MegaWatt1_1442,3,0.96,0.0032176971435546,0.0008628368377685,1,0,0,0,1,0,0,0,0,0,0,0,0,0,0,0,1,0,0,0,0,0,0,0,0,1,0.2851896523202651,sigmoid,3,auto,-0.1511047363197667,False,0.0003706315590279,0
MegaWatt1_1442,3,0.96,0.01827073097229,0.003145694732666,1,0,0,0,1,0,0,0,0,0,0,0,0,0,0,1,0,0,0,0,0,0,0,0,0,1,7.649126038831159,poly,2,scale,0.344363982236922,True,0.000393030390231,0
MegaWatt1_1442,3,0.96,0.001657485961914,0.0002877712249755,0,1,0,0,1,1,0,0,0,0,0,0,0,0,0,0,0,0,0,0,0,0,0,1,0,0,0.1563667162048664,linear,3,scale,0.1940748227294329,False,0.0001447500537299,0
MegaWatt1_1442,3,0.96,0.0045540332794189,0.0012793540954589,1,0,0,0,1,0,0,0,0,0,0,0,0,0,0,0,1,0,0,0,1,0,0,0,0,0,0.3293530745635271,poly,5,auto,-0.3325554558239689,False,0.0015405667858833,0
MegaWatt1_1442,3,0.96,0.004185676574707,0.0012791156768798,1,0,0,0,1,0,0,0,0,0,0,0,0,0,1,0,0,0,0,0,1,0,0,0,0,0,0.4855883543264888,rbf,2,auto,-0.1926009305605851,False,0.0001216525936077,0
MegaWatt1_1442,3,0.96,0.003699779510498,0.0009820461273193,1,0,0,0,1,0,0,0,0,0,0,0,1,0,0,0,0,0,0,0,1,0,0,0,0,0,0.7098643224630061,poly,3,scale,0.2508400814497841,True,0.000782678595824,0
MegaWatt1_1442,3,0.96,0.0023813247680664,0.0003495216369628,1,0,0,0,1,0,0,1,0,0,0,0,0,0,0,0,0,0,0,0,0,0,0,0,0,1,2.805605759296391,rbf,3,scale,0.0336308788067697,False,0.000264521709621,0
MegaWatt1_1442,3,0.96,0.0172071456909179,0.0030622482299804,1,0,0,0,1,0,0,0,0,0,0,0,0,0,0,1,0,0,0,0,1,0,0,0,0,0,7.026074827940295,sigmoid,2,scale,0.3104620625982873,True,0.0003570694642254,0
MegaWatt1_1442,3,0.96,0.0016615390777587,0.0002706050872802,1,0,0,0,1,0,0,1,0,0,0,0,0,0,0,0,0,0,0,0,1,0,0,0,0,0,0.7035404554642174,linear,4,scale,0.2224773696336487,False,0.0009223384746879,0
MegaWatt1_1442,3,0.96,0.0018656253814697,0.0002589225769042,0,1,0,1,0,0,0,1,0,0,0,0,0,0,0,0,0,0,0,0,0,0,0,0,0,1,0.316380710639238,sigmoid,2,scale,-0.0748235976266126,False,0.0067468681920311,0
MegaWatt1_1442,3,0.96,0.0015795230865478,0.0002779960632324,1,0,1,0,0,1,0,0,0,0,0,0,0,0,0,0,0,0,0,0,0,0,0,1,0,0,0.7166028384259283,rbf,2,auto,-0.5946294083694634,True,0.0006102479403842,0
MegaWatt1_1442,3,0.96,0.002023696899414,0.0002775192260742,0,1,0,1,0,0,0,0,0,0,0,0,0,0,0,0,0,0,1,1,0,0,0,0,0,0,0.530866630351978,rbf,4,scale,0.3420347876394639,False,0.0001806660699662,0
MegaWatt1_1442,3,0.96,0.0020749568939208,0.0004084110260009,0,1,0,1,0,0,1,0,0,0,0,0,0,0,0,0,0,0,0,1,0,0,0,0,0,0,3.061605169615928,sigmoid,5,auto,0.0849031582634944,True,0.0003941696291504,0
MegaWatt1_1442,3,0.96,0.0207183361053466,0.0032398700714111,0,1,0,1,0,0,0,0,0,0,0,0,0,0,0,1,0,0,0,1,0,0,0,0,0,0,0.2274957768770361,sigmoid,3,auto,0.8836086976313404,False,0.0060656317793591,0
MegaWatt1_1442,3,0.96,0.0019071102142333,0.0002830028533935,0,1,0,1,0,0,0,1,0,0,0,0,0,0,0,0,0,0,0,1,0,0,0,0,0,0,4.437675371409759,poly,4,0.4024260546312657,-0.2544453457977899,False,0.0009465931587964,0
MegaWatt1_1442,3,0.96,0.0027625560760498,0.0006422996520996,0,1,0,1,0,0,0,0,0,0,0,0,0,0,0,0,1,0,0,1,0,0,0,0,0,0,8.999943848796844,sigmoid,4,auto,0.2908030958375966,False,0.0063863364933453,0
MegaWatt1_1442,3,0.96,0.0018589496612548,0.0002672672271728,0,1,0,1,0,0,0,0,0,0,0,0,0,0,0,0,0,0,1,0,0,0,0,0,0,1,0.7286262912378246,rbf,2,scale,0.8661743476140914,True,0.0001147229400663,0
MegaWatt1_1442,3,0.96,0.0174958705902099,0.0030746459960937,0,1,0,1,0,0,0,0,0,0,0,0,0,0,0,1,0,0,0,0,0,0,0,0,0,1,3.754807787326373,rbf,4,scale,-0.4626042131580319,False,0.0001570541235619,0
stock_841,1,0.9894736842105264,0.0985794067382812,0.0243337154388427,1,0,0,0,1,0,0,0,0,0,0,0,0,0,0,1,0,0,0,0,0,0,1,0,0,0,5.453829158758492,rbf,5,auto,-0.0662332735042161,True,0.0002094961280971,0
stock_841,1,0.9894736842105264,0.0962345600128173,0.0232996940612792,0,1,0,0,1,0,0,0,0,0,0,0,0,0,0,1,0,0,0,0,0,0,1,0,0,0,0.2603048660744313,poly,3,0.17784161067417695,0.2237724059534522,True,0.0044411031396576,0
stock_841,1,0.9894736842105264,0.0943255424499511,0.0230965614318847,0,1,0,1,0,0,0,0,0,0,0,0,0,0,0,1,0,0,0,0,0,0,0,0,0,1,0.526670407242881,rbf,3,scale,0.3001444011016372,False,0.0001651770276815,0
stock_841,1,0.9894736842105264,0.0942549705505371,0.0230064392089843,0,1,0,1,0,0,0,0,0,0,0,0,0,0,0,1,0,0,0,0,1,0,0,0,0,0,1.1083759006709084,linear,4,auto,0.1783918336868186,True,0.0054904839180405,0
stock_841,1,0.9894736842105264,0.0924413204193115,0.022620677947998,0,1,0,1,0,0,0,0,0,0,0,0,0,0,0,1,0,0,0,1,0,0,0,0,0,0,0.2515166563117443,sigmoid,4,scale,-0.3071429823140643,False,0.0018931359751791,0
stock_841,1,0.9894736842105264,0.0924651622772216,0.0230028629302978,1,0,0,0,1,0,0,0,0,0,0,0,0,0,0,1,0,0,0,0,0,0,0,0,1,0,0.1426904981472075,sigmoid,3,auto,-0.1969199269059332,False,0.0017863373431479,0
stock_841,1,0.9894736842105264,0.0931093692779541,0.0230178833007812,1,0,1,0,0,0,0,0,0,0,0,0,0,0,0,1,0,0,0,0,0,0,0,0,0,1,2.9515264052830834,sigmoid,3,scale,0.0082056194469197,False,0.00010524355369,0
stock_841,1,0.9894736842105264,0.1138291358947753,0.0275161266326904,1,0,0,0,1,0,0,0,0,0,0,0,0,0,0,1,0,0,0,0,0,0,0,1,0,0,0.118239402890657,poly,2,0.032086008403630906,-0.4108020318656741,False,0.0011618034113001,0
stock_841,1,0.9894736842105264,0.0937190055847168,0.0234742164611816,1,0,0,0,1,0,0,0,0,0,0,0,0,0,0,1,0,0,0,1,0,0,0,0,0,0,0.5932463283979236,poly,3,scale,-0.3399648221808201,False,0.0001073273905712,0
stock_841,1,0.9894736842105264,0.1131038665771484,0.027327537536621,1,0,0,1,0,0,0,0,0,0,0,0,0,0,0,1,0,0,0,0,0,0,0,1,0,0,9.013822787201542,poly,2,auto,-0.2824019957567652,True,0.0016559095819512,0
stock_841,1,0.9894736842105264,0.0944766998291015,0.0232939720153808,1,0,0,0,1,0,0,0,0,0,0,0,0,0,0,1,0,0,0,0,1,0,0,0,0,0,0.4709786944104385,rbf,2,scale,-0.0969743141054532,True,0.00769071703497,0
stock_841,1,0.9894736842105264,0.0948133468627929,0.0228514671325683,0,1,1,0,0,0,0,0,0,0,0,0,0,0,0,1,0,0,0,0,1,0,0,0,0,0,0.116635312393846,linear,4,auto,-0.2558990482928622,False,0.0002884744510563,0
stock_841,1,0.9894736842105264,0.0946888923645019,0.0226287841796875,0,1,0,1,0,0,0,0,0,0,0,0,0,0,0,1,0,0,0,0,0,0,0,0,1,0,3.4135628723972915,rbf,3,scale,0.1817436598714609,False,0.0078231369227105,0
stock_841,1,0.9894736842105264,0.0958375930786132,0.0234401226043701,0,1,1,0,0,0,0,0,0,0,0,0,0,0,0,1,0,0,0,0,0,0,0,0,1,0,0.1020788746133403,linear,3,scale,0.3152227897596454,False,0.000104266440948,0
stock_841,1,0.9894736842105264,0.1112055778503418,0.0271363258361816,0,1,1,0,0,0,0,0,0,0,0,0,0,0,0,1,0,0,0,0,0,0,0,1,0,0,0.219688339350821,rbf,2,scale,0.3141497223362365,True,0.0001030773169142,0
stock_841,1,0.9894736842105264,0.0964324474334716,0.0235300064086914,1,0,0,1,0,0,0,0,0,0,0,0,0,0,0,1,0,0,0,0,0,0,1,0,0,0,0.1019972903075572,rbf,3,scale,-0.4255911409360773,False,0.0005680620132313,0
stock_841,1,0.9894736842105264,0.0963056087493896,0.0237040519714355,0,1,0,1,0,0,0,0,0,0,0,0,0,0,0,1,0,0,0,0,0,0,1,0,0,0,0.2274025377856461,poly,3,scale,-0.4026472011758746,True,0.0002605641426056,0
stock_841,1,0.9894736842105264,0.0938038825988769,0.0231246948242187,1,0,0,0,1,0,0,0,0,0,0,0,0,0,0,1,0,0,0,0,0,0,0,0,0,1,8.66503255975437,linear,3,scale,0.1092540599712325,True,0.0012403573926529,0
stock_841,1,0.9894736842105264,0.0948550701141357,0.0237116813659667,1,0,1,0,0,0,0,0,0,0,0,0,0,0,0,1,0,0,0,1,0,0,0,0,0,0,0.2927921037854486,rbf,2,scale,-0.1587452252944856,True,0.0003254635439941,0
stock_841,1,0.9894736842105264,0.1129817962646484,0.0272407531738281,0,1,0,1,0,0,0,0,0,0,0,0,0,0,0,1,0,0,0,0,0,0,0,1,0,0,0.6811776467849374,rbf,3,scale,-0.4587785732459984,False,0.005186430854554,0
autoUniv-au7-1100_1552,1,0.4409090909090909,0.030644416809082,0.007720947265625,0,1,0,0,1,0,0,0,0,0,1,0,0,0,0,0,0,0,0,1,0,0,0,0,0,0,1.8894263027046647,sigmoid,4,0.0983505166405775,0.1145738369057576,True,0.0001871492898253,0
autoUniv-au7-1100_1552,1,0.4409090909090909,0.0278606414794921,0.0065648555755615,1,0,0,0,1,0,0,0,0,0,1,0,0,0,0,0,0,0,0,1,0,0,0,0,0,0,1.2227311174407218,sigmoid,4,scale,-0.4162753266190494,True,0.0032669825118332,0
autoUniv-au7-1100_1552,1,0.4363636363636363,0.5942540168762207,0.0882513523101806,0,1,0,0,1,0,0,0,0,0,0,0,0,0,0,1,0,0,0,0,0,1,0,0,0,0,0.2084181433905197,rbf,3,scale,-0.3702258172380699,True,0.003534547850989,0
autoUniv-au7-1100_1552,1,0.4363636363636363,0.544198751449585,0.0790269374847412,1,0,0,0,1,0,0,0,0,0,0,0,0,0,0,1,0,0,0,0,0,1,0,0,0,0,0.1584150150091986,poly,2,auto,-0.4066562728185868,True,0.0002239374634654,0
autoUniv-au7-1100_1552,0,0.4318181818181818,0.0326731204986572,0.0075263977050781,1,0,0,1,0,0,0,0,0,0,0,0,0,1,0,0,0,0,0,1,0,0,0,0,0,0,0.7078008525132918,linear,3,scale,0.1174516004880826,False,0.0003808548527051,0
autoUniv-au7-1100_1552,0,0.4318181818181818,0.0677895545959472,0.0106558799743652,0,1,0,1,0,0,0,0,0,1,0,0,0,0,0,0,0,0,0,1,0,0,0,0,0,0,0.7586254006724374,linear,3,auto,-0.5609543263769684,True,0.0002435231673526,0
autoUniv-au7-1100_1552,0,0.4318181818181818,0.0857784748077392,0.0186958312988281,0,1,0,1,0,0,0,0,0,0,0,0,1,0,0,0,0,0,0,1,0,0,0,0,0,0,0.1557795704709471,rbf,2,0.10085267088311943,-0.5941110399435389,True,0.0058577572243503,0
autoUniv-au7-1100_1552,0,0.4318181818181818,0.0492007732391357,0.0076079368591308,1,0,0,1,0,0,0,0,0,0,0,1,0,0,0,0,0,0,0,1,0,0,0,0,0,0,0.2819093242191073,rbf,2,scale,0.0530337791989421,False,0.0005794907331575,0
autoUniv-au7-1100_1552,0,0.4318181818181818,0.0544278621673584,0.010324478149414,1,0,0,1,0,0,0,0,0,1,0,0,0,0,0,0,0,0,0,1,0,0,0,0,0,0,0.7576481446302081,poly,3,auto,0.1879075101646522,True,0.0021589650410662,0
autoUniv-au7-1100_1552,0,0.4318181818181818,0.0348048210144043,0.0080375671386718,0,1,0,1,0,0,0,0,0,0,0,0,0,1,0,0,0,0,0,1,0,0,0,0,0,0,8.031471151527898,linear,3,auto,0.1042956574588531,True,0.0001669544051346,0
autoUniv-au7-1100_1552,0,0.4318181818181818,0.0471322536468505,0.0082178115844726,0,1,0,1,0,0,0,0,0,0,0,1,0,0,0,0,0,0,0,1,0,0,0,0,0,0,0.150991690005549,rbf,4,0.2904873466125145,-0.5200804789107298,False,0.0007764755148739,0
autoUniv-au7-1100_1552,0,0.4318181818181818,0.0812230110168457,0.0181977748870849,1,0,0,1,0,0,0,0,0,0,0,0,1,0,0,0,0,0,0,1,0,0,0,0,0,0,4.570506914800657,rbf,3,scale,0.205201068992559,True,0.000439670412201,0
autoUniv-au7-1100_1552,2,0.4272727272727272,0.0865046977996826,0.0185954570770263,1,0,0,1,0,0,0,0,0,0,0,0,1,0,0,0,0,0,0,0,0,0,1,0,0,0,5.320468450572081,sigmoid,3,auto,-0.0753164204799403,False,0.0001052720378911,0
autoUniv-au7-1100_1552,3,0.4272727272727272,0.0767321586608886,0.0300698280334472,1,0,0,1,0,0,0,0,0,0,0,0,0,0,1,0,0,0,0,1,0,0,0,0,0,0,1.2373509038064665,rbf,2,scale,-0.6991224827673207,False,0.0036178600635354,0
autoUniv-au7-1100_1552,0,0.4272727272727272,0.0351622104644775,0.0080037117004394,1,0,0,1,0,0,1,0,0,0,0,0,0,0,0,0,0,0,0,0,0,0,0,1,0,0,3.0903479206270816,linear,4,scale,-0.1503365494898579,True,0.0002775681417086,0
autoUniv-au7-1100_1552,2,0.4272727272727272,0.0934560298919677,0.0188245773315429,0,1,0,1,0,0,0,0,0,0,0,0,1,0,0,0,0,0,0,0,0,0,1,0,0,0,3.8235085291932607,rbf,2,scale,0.0752939091119211,True,0.0001303279022646,0
autoUniv-au7-1100_1552,3,0.4272727272727272,0.5668973922729492,0.0838751792907714,1,0,0,1,0,0,0,0,0,0,0,0,0,0,0,1,0,0,0,0,0,1,0,0,0,0,4.109717079859763,sigmoid,2,scale,0.3824676334295279,False,0.0020464459060069,0
autoUniv-au7-1100_1552,0,0.4272727272727272,0.58852219581604,0.0847241878509521,1,0,0,1,0,0,0,0,0,0,0,0,0,0,0,1,0,0,0,0,0,0,0,1,0,0,0.3929689905906918,rbf,4,scale,-0.0488152273976195,True,0.0009192591964253,0
autoUniv-au7-1100_1552,3,0.4272727272727272,0.592566967010498,0.0888500213623046,0,1,0,1,0,0,0,0,0,0,0,0,0,0,0,1,0,0,0,0,0,1,0,0,0,0,2.4956226959342125,rbf,3,auto,0.2197161481649527,False,0.0024357697823115,0
autoUniv-au7-1100_1552,3,0.4272727272727272,0.0791196823120117,0.0316903591156005,0,1,0,1,0,0,0,0,0,0,0,0,0,0,1,0,0,0,0,1,0,0,0,0,0,0,0.1126046170039454,sigmoid,3,0.04301747162826713,0.1975804239449392,False,0.0003207118650957,0
robot-failures-lp4_1519,3,1.0,0.0014960765838623,0.0002100467681884,1,0,0,0,1,0,0,1,0,0,0,0,0,0,0,0,0,0,0,1,0,0,0,0,0,0,0.5423233960059177,rbf,3,scale,-0.1469876371698794,True,0.0013932069258097,0
robot-failures-lp4_1519,3,1.0,0.0042805671691894,0.0007460117340087,1,0,0,0,1,0,0,0,0,0,0,0,0,0,0,1,0,0,0,1,0,0,0,0,0,0,7.778667415145948,sigmoid,2,scale,-0.508200367679524,True,0.0002932544527972,0
robot-failures-lp4_1519,3,1.0,0.0015509128570556,0.0002543926239013,1,0,1,0,0,0,0,0,0,0,0,0,0,0,0,0,0,0,1,0,1,0,0,0,0,0,2.904255541028109,rbf,3,auto,-0.0255002962822627,True,0.0002920010517619,0
robot-failures-lp4_1519,3,1.0,0.0019023418426513,0.0003957748413085,1,0,0,0,1,0,0,0,0,0,0,0,0,1,0,0,0,0,0,0,0,0,0,0,1,0,0.2436139496059813,linear,4,scale,0.2810196636118368,True,0.0007454232381365,0
robot-failures-lp4_1519,3,1.0,0.0012240409851074,0.0002033710479736,1,0,1,0,0,0,0,0,1,0,0,0,0,0,0,0,0,0,0,0,1,0,0,0,0,0,4.279582047184762,linear,2,scale,0.3107142404358057,True,0.0017719286322498,0
robot-failures-lp4_1519,3,1.0,0.0013585090637207,0.0002195835113525,1,0,1,0,0,0,0,0,0,0,0,0,0,0,0,0,0,1,0,0,1,0,0,0,0,0,1.281471112498642,sigmoid,3,scale,0.2601047083503462,True,0.0038056008260374,0
robot-failures-lp4_1519,3,1.0,0.0013620853424072,0.0002369880676269,1,0,1,0,0,0,0,0,0,0,0,0,0,0,0,0,0,1,0,0,0,0,0,0,0,1,2.6543287630108363,rbf,4,auto,-0.0931030042338843,True,0.0041869182620307,0
robot-failures-lp4_1519,3,1.0,0.0012238025665283,0.0001988410949707,1,0,0,0,1,0,0,0,1,0,0,0,0,0,0,0,0,0,0,0,0,0,0,0,1,0,3.162263897603617,rbf,2,0.026735811228473044,-0.1377253936179895,True,0.0005903576994884,0
robot-failures-lp4_1519,3,1.0,0.0012953281402587,0.0002009868621826,1,0,1,0,0,0,0,0,1,0,0,0,0,0,0,0,0,0,0,0,0,0,0,0,0,1,0.1319574884353306,linear,3,scale,0.2008909275989532,False,0.0040993064378392,0
robot-failures-lp4_1519,3,1.0,0.0013549327850341,0.0002176761627197,1,0,0,0,1,0,0,0,0,0,0,0,0,0,0,0,0,1,0,0,0,0,0,0,1,0,0.2929046471783695,linear,2,scale,0.1544874380902103,False,0.0073936227360505,0
robot-failures-lp4_1519,3,1.0,0.002016544342041,0.0004289150238037,1,0,0,0,1,0,0,0,0,1,0,0,0,0,0,0,0,0,0,0,0,0,0,0,1,0,3.374270274335114,sigmoid,2,scale,-0.8289869597642981,True,0.0070270837753607,0
robot-failures-lp4_1519,3,1.0,0.0018904209136962,0.0003883838653564,1,0,1,0,0,0,0,0,0,0,0,0,0,1,0,0,0,0,0,0,1,0,0,0,0,0,0.1273637607165826,poly,3,scale,-0.1069293976989591,True,0.0001792754549532,0
robot-failures-lp4_1519,3,1.0,0.0026962757110595,0.0013637542724609,1,0,1,0,0,0,0,0,0,0,0,1,0,0,0,0,0,0,0,0,1,0,0,0,0,0,0.5033850174431774,rbf,3,scale,0.0943006935372805,False,0.0082456988013456,0
robot-failures-lp4_1519,3,1.0,0.0041995048522949,0.0007469654083251,1,0,1,0,0,0,0,0,0,0,0,0,0,0,0,1,0,0,0,0,1,0,0,0,0,0,0.1261250431083425,linear,3,auto,0.178580041261235,True,0.0053249070920283,0
robot-failures-lp4_1519,3,1.0,0.0069663524627685,0.0033140182495117,1,0,0,0,1,0,0,0,0,0,0,0,0,0,1,0,0,0,0,0,0,0,0,0,1,0,0.2470769554028697,rbf,4,scale,-0.3369019199687338,False,0.000171272502885,0
robot-failures-lp4_1519,3,1.0,0.001859426498413,0.0003857612609863,1,0,1,0,0,0,0,0,0,1,0,0,0,0,0,0,0,0,0,0,1,0,0,0,0,0,0.1069927245315731,sigmoid,3,auto,0.1356160236138065,True,0.0003617203363083,0
robot-failures-lp4_1519,3,1.0,0.0014708042144775,0.0002272129058837,0,1,0,1,0,0,0,1,0,0,0,0,0,0,0,0,0,0,0,1,0,0,0,0,0,0,0.1131596859365911,rbf,4,auto,-0.4474912513157135,True,0.0022682853939398,0
robot-failures-lp4_1519,3,1.0,0.0019867420196533,0.0004138946533203,0,1,1,0,0,0,0,0,0,1,0,0,0,0,0,0,0,0,0,0,0,0,0,0,1,0,5.496730432769992,sigmoid,3,scale,-0.121878900693674,True,0.004387045449453,0
robot-failures-lp4_1519,3,1.0,0.0013625621795654,0.00020432472229,0,1,1,0,0,0,0,1,0,0,0,0,0,0,0,0,0,0,0,1,0,0,0,0,0,0,0.6063776270970576,poly,4,auto,0.2992213236967903,False,0.0012027399847941,0
robot-failures-lp4_1519,3,1.0,0.0019252300262451,0.0003881454467773,0,1,1,0,0,0,0,0,0,0,0,0,0,1,0,0,0,0,0,0,0,0,0,0,1,0,0.2335883123992918,linear,2,scale,0.5468821499858936,True,0.0002089110396721,0
Sick_numeric_41946,0,0.970860927152318,0.0346210002899169,0.0094919204711914,0,1,1,0,0,0,0,0,0,0,0,0,0,0,0,0,0,1,0,0,0,0,0,1,0,0,1.2978971924564644,rbf,2,auto,-0.3092689550011193,True,0.0001825018579286,0
Sick_numeric_41946,0,0.970860927152318,0.0353379249572753,0.0093724727630615,1,0,0,0,1,0,0,0,0,0,0,0,0,0,0,0,0,1,0,0,0,0,0,1,0,0,1.4208026820137971,rbf,4,0.014511677801539226,-0.1317777482822072,False,0.0001083327285189,0
Sick_numeric_41946,0,0.970860927152318,0.0369629859924316,0.0098297595977783,0,1,0,1,0,0,0,0,0,0,0,0,0,0,0,0,0,1,0,0,0,0,0,1,0,0,0.6405007008101127,rbf,3,0.14434581476560648,0.2309161208859115,False,0.0004855095682769,0
Sick_numeric_41946,0,0.970860927152318,0.0342087745666503,0.0091073513031005,1,0,1,0,0,0,0,0,0,0,0,0,0,0,0,0,0,1,0,0,0,0,0,1,0,0,0.6281418650893552,sigmoid,2,scale,-0.1633001535431151,False,0.0001013154743749,0
Sick_numeric_41946,0,0.970860927152318,0.0345628261566162,0.0092940330505371,1,0,0,1,0,0,0,0,0,0,0,0,0,0,0,0,0,1,0,0,0,0,0,1,0,0,0.3214159661648266,poly,5,auto,0.1390912779912644,False,0.0041401370965479,0
Sick_numeric_41946,0,0.970860927152318,0.0339140892028808,0.0088732242584228,0,1,0,0,1,0,0,0,0,0,0,0,0,0,0,0,0,1,0,0,0,0,0,1,0,0,0.5899730811656517,poly,2,scale,-0.4823953795636649,False,0.0008873036279181,0
Sick_numeric_41946,0,0.9695364238410596,0.0298478603363037,0.0090081691741943,0,1,1,0,0,0,0,0,0,0,1,0,0,0,0,0,0,0,0,0,0,0,1,0,0,0,3.495453414314148,rbf,4,auto,0.4391428985915689,True,0.0001617066771457,0
Sick_numeric_41946,1,0.9695364238410596,0.0337858200073242,0.0091543197631835,1,0,0,0,1,0,0,0,0,0,0,0,0,0,0,0,0,1,0,0,0,0,0,1,0,0,0.3591149802538219,rbf,5,scale,0.0609011077614443,True,0.0004980638675949,0
Sick_numeric_41946,1,0.9695364238410596,0.0331087112426757,0.0088362693786621,0,1,1,0,0,0,0,0,0,0,0,0,0,0,0,0,0,1,0,0,0,0,0,1,0,0,0.1501351657974941,sigmoid,5,scale,0.054818761305668,False,0.0039309657930537,0
Sick_numeric_41946,0,0.9695364238410596,0.8349785804748535,0.1865077018737793,0,1,0,1,0,0,0,0,0,0,0,0,0,0,0,1,0,0,0,0,0,0,1,0,0,0,0.1345681408904417,rbf,4,scale,-0.189619067920403,True,0.002136875249573,0
Sick_numeric_41946,1,0.9695364238410596,0.0353524684906005,0.0085930824279785,0,1,0,1,0,0,0,0,0,0,0,0,0,0,0,0,0,1,0,0,0,0,0,1,0,0,0.5356600620975367,sigmoid,4,0.1383393675391752,-0.3901060189485694,True,0.0049162473030542,0
Sick_numeric_41946,1,0.9695364238410596,0.0338702201843261,0.0088310241699218,1,0,1,0,0,0,0,0,0,0,0,0,0,0,0,0,0,1,0,0,0,0,0,1,0,0,4.039884117861137,rbf,4,auto,0.4077834263393888,True,0.0003005664386174,0
Sick_numeric_41946,0,0.9695364238410596,0.0330996513366699,0.0099737644195556,0,1,0,1,0,1,0,0,0,0,0,0,0,0,0,0,0,0,0,0,0,0,1,0,0,0,0.5147434382876801,rbf,3,auto,0.1464056334006548,False,0.0002481064457652,0
Sick_numeric_41946,0,0.9695364238410596,0.0326082706451416,0.0100626945495605,0,1,0,1,0,0,0,0,0,0,1,0,0,0,0,0,0,0,0,0,0,0,1,0,0,0,0.178726398300982,sigmoid,2,scale,-0.4854083326916676,False,0.0010276877981169,0
Sick_numeric_41946,0,0.9695364238410596,0.794478178024292,0.1748712062835693,1,0,0,0,1,0,0,0,0,0,0,0,0,0,0,1,0,0,0,0,0,0,1,0,0,0,1.704198838555083,sigmoid,5,scale,-0.0415933512635393,True,0.0004762227898962,0
Sick_numeric_41946,0,0.9695364238410596,0.0319828987121582,0.0099637508392333,0,1,0,0,1,1,0,0,0,0,0,0,0,0,0,0,0,0,0,0,0,0,1,0,0,0,1.3676881720444425,rbf,2,0.041401650207926785,0.3196095744751625,False,0.0043744633166868,0
Sick_numeric_41946,0,0.9695364238410596,0.0292091369628906,0.0088911056518554,0,1,1,0,0,1,0,0,0,0,0,0,0,0,0,0,0,0,0,0,0,0,1,0,0,0,1.523348224973378,linear,4,scale,-0.0275331738471984,True,0.0008539549482594,0
Sick_numeric_41946,0,0.9695364238410596,0.8146729469299316,0.1810667514801025,1,0,0,1,0,0,0,0,0,0,0,0,0,0,0,1,0,0,0,0,0,0,1,0,0,0,1.0030508666649456,sigmoid,4,auto,0.2737192376962089,False,0.0001619022338169,0
Sick_numeric_41946,0,0.9695364238410596,0.8052611351013184,0.178412914276123,0,1,0,0,1,0,0,0,0,0,0,0,0,0,0,1,0,0,0,0,0,0,1,0,0,0,8.242280425064658,rbf,2,auto,0.2913146238491357,False,0.0001897846207493,0
Sick_numeric_41946,1,0.9695364238410596,0.0321710109710693,0.0086140632629394,0,1,0,0,1,0,0,0,0,0,0,0,0,0,0,0,0,1,0,0,0,0,0,1,0,0,5.152211816535677,poly,5,auto,0.2758300077691754,False,0.000302069832834,0
steel-plates-fault_40982,1,0.7989690721649485,1.1227622032165527,0.2023477554321289,1,0,0,0,1,0,0,0,0,0,0,0,0,0,0,1,0,0,0,0,0,0,0,1,0,0,0.4802597869364887,rbf,2,scale,-0.2406390945457241,True,0.0001248488496474,0
steel-plates-fault_40982,1,0.7989690721649485,1.185304880142212,0.2097523212432861,1,0,1,0,0,0,0,0,0,0,0,0,0,0,0,1,0,0,0,0,0,0,0,1,0,0,1.108591985297705,sigmoid,2,0.03735919133471779,0.1108868959196846,True,0.0001399989451056,0
steel-plates-fault_40982,1,0.7989690721649485,1.1441538333892822,0.2083926200866699,1,0,0,1,0,0,0,0,0,0,0,0,0,0,0,1,0,0,0,0,0,0,0,1,0,0,1.116793529520075,linear,2,auto,0.2968858096187844,False,0.0003967454698606,0
steel-plates-fault_40982,1,0.7989690721649485,1.1728909015655518,0.2051317691802978,0,1,1,0,0,0,0,0,0,0,0,0,0,0,0,1,0,0,0,0,0,0,0,1,0,0,2.9815645708196525,rbf,2,auto,0.1268032607315103,True,0.0001984048034291,0
steel-plates-fault_40982,1,0.7989690721649485,1.132706880569458,0.2032132148742675,0,1,0,0,1,0,0,0,0,0,0,0,0,0,0,1,0,0,0,0,0,0,0,1,0,0,0.5090251390668146,sigmoid,2,auto,0.3135670414938901,False,0.0004683164323167,0
steel-plates-fault_40982,1,0.7989690721649485,1.1219992637634275,0.2053544521331787,0,1,0,1,0,0,0,0,0,0,0,0,0,0,0,1,0,0,0,0,0,0,0,1,0,0,2.8955262723344752,rbf,4,scale,0.4321935274968284,True,0.0017464786366275,0
steel-plates-fault_40982,1,0.788659793814433,0.0876746177673339,0.0191900730133056,1,0,0,1,0,0,0,0,0,1,0,0,0,0,0,0,0,0,0,0,0,0,0,0,0,1,0.5696700839501408,sigmoid,5,auto,0.07705726117267,True,0.0015717601101878,0
steel-plates-fault_40982,1,0.788659793814433,0.101351261138916,0.0217552185058593,0,1,0,1,0,0,0,0,0,1,0,0,0,0,0,0,0,0,0,0,0,0,0,0,0,1,6.4953829690082046,sigmoid,2,scale,0.1430191865384053,True,0.0003204741137349,0
steel-plates-fault_40982,4,0.788659793814433,1.1447992324829102,0.2049472332000732,1,0,1,0,0,0,0,0,0,0,0,0,0,0,0,1,0,0,0,0,0,0,0,1,0,0,0.3377077677488036,poly,3,0.516611764851937,0.3042565426527525,False,0.00024237266953,0
steel-plates-fault_40982,1,0.788659793814433,0.0576801300048828,0.0199947357177734,0,1,0,1,0,0,0,0,0,0,0,1,0,0,0,0,0,0,0,0,0,0,0,0,0,1,0.4125034477052169,linear,3,scale,-0.2872992449980929,False,0.0001380920255371,0
steel-plates-fault_40982,1,0.788659793814433,0.0957663059234619,0.0196568965911865,1,0,0,0,1,0,0,0,0,1,0,0,0,0,0,0,0,0,0,0,0,0,0,0,0,1,0.6193192331613496,rbf,2,auto,0.3000133259230798,True,0.0078838131015046,0
steel-plates-fault_40982,4,0.788659793814433,1.146362066268921,0.2133715152740478,0,1,1,0,0,0,0,0,0,0,0,0,0,0,0,1,0,0,0,0,0,0,0,1,0,0,0.4816530004926779,rbf,3,scale,-0.2847073781132113,False,0.0002050569573306,0
steel-plates-fault_40982,1,0.788659793814433,0.0869278907775878,0.026993989944458,0,1,0,0,1,0,0,0,0,0,0,0,0,1,0,0,0,0,0,0,0,0,0,0,0,1,8.196267771115128,sigmoid,5,auto,0.2431532903876105,True,0.0003086582476037,0
steel-plates-fault_40982,1,0.788659793814433,0.0988142490386962,0.0261120796203613,0,1,0,0,1,0,0,0,0,1,0,0,0,0,0,0,0,0,0,0,0,0,0,0,0,1,1.4743699961572363,linear,3,scale,0.0910055116491301,True,0.0055718458436613,0
steel-plates-fault_40982,4,0.788659793814433,1.1509699821472168,0.2073452472686767,0,1,0,0,1,0,0,0,0,0,0,0,0,0,0,1,0,0,0,0,0,0,0,1,0,0,0.3495956654104473,sigmoid,3,scale,-0.0978796443491408,False,0.0026321497720983,0
steel-plates-fault_40982,1,0.788659793814433,0.0580446720123291,0.0199830532073974,1,0,1,0,0,0,0,0,0,0,0,0,0,1,0,0,0,0,0,0,0,0,0,0,0,1,0.5455304157805508,poly,3,auto,0.1270965394140478,False,0.0014199487998479,0
steel-plates-fault_40982,1,0.788659793814433,0.0591058731079101,0.0204222202301025,0,1,0,0,1,0,0,0,0,0,0,1,0,0,0,0,0,0,0,0,0,0,0,0,0,1,0.8010039848032131,rbf,2,scale,0.0080282959876198,False,0.0007310690730653,0
steel-plates-fault_40982,1,0.788659793814433,0.0580651760101318,0.020010232925415,0,1,1,0,0,0,0,0,0,0,0,1,0,0,0,0,0,0,0,0,0,0,0,0,0,1,2.263686253329236,linear,2,scale,-0.4074084115876054,True,0.0058744629191131,0
steel-plates-fault_40982,1,0.788659793814433,0.0585668087005615,0.020047903060913,1,0,0,0,1,0,0,0,0,0,0,1,0,0,0,0,0,0,0,0,0,0,0,0,0,1,0.686419908026228,poly,3,0.0691833835366764,-0.1693544376818209,True,0.000118934614796,0
steel-plates-fault_40982,1,0.788659793814433,0.0678815841674804,0.0200512409210205,1,0,0,0,1,0,0,0,0,0,0,0,0,1,0,0,0,0,0,0,0,0,0,0,0,1,2.8842386220216234,linear,3,auto,-0.2830848036614082,True,0.0001885221630867,0
analcatdata_supreme_728,2,0.9962962962962963,0.0808122158050537,0.0295054912567138,1,0,0,0,1,0,0,0,0,0,0,0,0,0,0,0,1,0,0,0,0,0,0,0,1,0,4.788454964449593,sigmoid,3,scale,-0.2528293931097674,False,0.0018025701904077,0
analcatdata_supreme_728,2,0.9962962962962963,0.0868964195251464,0.0306687355041503,0,1,0,0,1,0,0,0,0,0,0,0,0,0,0,0,1,0,0,0,0,0,0,0,1,0,0.3050999451602407,poly,4,auto,-0.1048340973830689,True,0.0003892451437346,0
analcatdata_supreme_728,2,0.9962962962962963,0.1001570224761962,0.0295326709747314,0,1,0,1,0,0,0,0,0,0,0,0,0,0,0,0,1,0,0,0,0,0,0,0,1,0,3.5175161399412795,rbf,3,0.04103573308503295,0.1948403286026899,True,0.0002657809312753,0
analcatdata_supreme_728,2,0.9962962962962963,0.0981264114379882,0.0349147319793701,1,0,0,1,0,0,0,0,0,0,0,0,0,0,0,0,1,0,0,0,0,0,0,0,1,0,0.740608817165472,sigmoid,4,scale,-0.2781516662081555,True,0.0016197591229269,0
analcatdata_supreme_728,2,0.9962962962962963,0.0781393051147461,0.0295133590698242,0,1,1,0,0,0,0,0,0,0,0,0,0,0,0,0,1,0,0,0,0,0,0,0,1,0,0.3560372426326935,linear,3,scale,-0.4352703707214027,True,0.0010332277875759,0
analcatdata_supreme_728,2,0.9962962962962963,0.1002783775329589,0.0343389511108398,1,0,1,0,0,0,0,0,0,0,0,0,0,0,0,0,1,0,0,0,0,0,0,0,1,0,1.6668027760602595,sigmoid,3,auto,-0.4411653225164996,True,0.0011065413936152,0
analcatdata_supreme_728,2,0.9950617283950616,0.0524969100952148,0.0174415111541748,0,1,0,0,1,0,0,0,0,0,0,0,1,0,0,0,0,0,0,0,1,0,0,0,0,0,8.54066490720613,linear,3,scale,-0.2681987230592932,False,0.003350649936179,0
analcatdata_supreme_728,2,0.9950617283950616,0.0594258308410644,0.0197129249572753,1,0,0,0,1,0,0,0,0,0,0,0,1,0,0,0,0,0,0,0,1,0,0,0,0,0,4.531084592949172,sigmoid,2,0.08764037198196876,-0.2792804494326253,True,0.0001774962296268,0
analcatdata_supreme_728,2,0.9950617283950616,0.0531888008117675,0.0179603099822998,0,1,0,1,0,0,0,0,0,0,0,0,1,0,0,0,0,0,0,0,1,0,0,0,0,0,0.2002659188318887,rbf,4,scale,-0.3202052574592667,True,0.0011333364712917,0
analcatdata_supreme_728,2,0.9950617283950616,0.0535149574279785,0.0178403854370117,1,0,0,1,0,0,0,0,0,0,0,0,1,0,0,0,0,0,0,0,1,0,0,0,0,0,0.3168489491518741,poly,3,scale,-0.102475808472207,True,0.0090479629830742,0
analcatdata_supreme_728,2,0.9950617283950616,0.0554614067077636,0.0186057090759277,1,0,1,0,0,0,0,0,0,0,0,0,1,0,0,0,0,0,0,0,1,0,0,0,0,0,4.221248980744266,sigmoid,5,auto,-0.1526063539607386,False,0.0007823930080739,0
analcatdata_supreme_728,2,0.9950617283950616,0.0568099021911621,0.0138688087463378,0,1,1,0,0,0,0,0,0,0,0,0,1,0,0,0,0,0,0,0,1,0,0,0,0,0,3.3777413215061065,poly,3,scale,0.0746753197018607,False,0.0002940823630107,0
analcatdata_supreme_728,0,0.9938347718865598,0.0159800052642822,0.005115270614624,0,1,0,0,1,0,0,0,0,0,1,0,0,0,0,0,0,0,0,0,0,0,0,0,0,1,1.5498593192439103,rbf,3,scale,-0.4394611963622561,False,0.0005156327875166,0
analcatdata_supreme_728,0,0.9938347718865598,0.0170776844024658,0.0057215690612792,0,1,0,0,1,0,0,0,0,0,0,0,0,0,0,0,0,1,0,1,0,0,0,0,0,0,0.5309294309127929,rbf,3,auto,-0.1715759451760098,True,0.0001851569828104,0
analcatdata_supreme_728,0,0.9938347718865598,0.015817642211914,0.005286693572998,0,1,0,0,1,0,0,0,0,0,0,0,0,0,0,0,0,1,0,0,0,0,0,1,0,0,2.741846011082824,sigmoid,3,0.0653222065359909,-0.1300921842202835,True,0.0061905795027519,0
analcatdata_supreme_728,0,0.9938347718865598,0.0154430866241455,0.0051591396331787,0,1,0,0,1,0,0,0,0,0,1,0,0,0,0,0,0,0,0,0,0,0,0,1,0,0,0.4989749165794932,sigmoid,3,scale,-0.2513681310542084,False,0.0001245347334725,0
analcatdata_supreme_728,0,0.9938347718865598,0.0161831378936767,0.0053610801696777,0,1,0,1,0,0,0,0,1,0,0,0,0,0,0,0,0,0,0,1,0,0,0,0,0,0,3.975672545153957,poly,4,auto,-0.535020244399026,False,0.0001476506644546,0
analcatdata_supreme_728,0,0.9938347718865598,0.0158753395080566,0.0051822662353515,0,1,0,1,0,0,0,0,0,0,0,0,0,0,0,0,0,1,0,0,0,0,0,0,0,1,4.158310331864732,poly,3,scale,0.3635007292976334,False,0.0002571485060006,0
analcatdata_supreme_728,0,0.9938347718865598,0.015979528427124,0.0053834915161132,1,0,0,1,0,0,0,0,1,0,0,0,0,0,0,0,0,0,0,0,0,0,1,0,0,0,1.5080933203242284,rbf,4,auto,0.2197569512700094,True,0.0053930078223454,0
analcatdata_supreme_728,0,0.9938347718865598,0.0156891345977783,0.0051038265228271,1,0,0,1,0,0,0,0,0,0,0,0,0,0,0,0,0,1,0,0,0,0,1,0,0,0,0.8385519925929128,sigmoid,2,scale,-0.8143289949281719,True,0.0053701457066724,0
analcatdata_broadwaymult_452,3,0.5964912280701754,0.1070258617401123,0.0456504821777343,0,1,0,1,0,0,0,0,0,0,0,0,0,0,1,0,0,0,0,1,0,0,0,0,0,0,0.7434499281087587,rbf,4,auto,-0.131619207378235,True,0.0012552829413775,0
analcatdata_broadwaymult_452,3,0.5964912280701754,0.0060155391693115,0.0012300014495849,0,1,0,1,0,0,0,0,0,0,0,1,0,0,0,0,0,0,0,1,0,0,0,0,0,0,0.2434367983838842,rbf,2,scale,-0.0715187828818061,True,0.0004392150226024,0
analcatdata_broadwaymult_452,3,0.5964912280701754,0.0941309928894043,0.0446116924285888,0,1,0,1,0,0,0,0,0,0,0,0,0,0,1,0,0,0,0,0,0,0,0,1,0,0,0.2882903647951271,sigmoid,4,scale,0.0770134138415326,True,0.0008214526229587,0
analcatdata_broadwaymult_452,0,0.5789473684210527,0.0093874931335449,0.0018324851989746,0,1,0,1,0,0,0,0,0,0,0,0,1,0,0,0,0,0,0,0,0,0,0,0,1,0,0.9120333390108896,linear,3,auto,0.6358952405120707,True,0.0044340748221968,0
analcatdata_broadwaymult_452,0,0.5789473684210527,0.0043170452117919,0.0006723403930664,0,1,0,1,0,1,0,0,0,0,0,0,0,0,0,0,0,0,0,0,0,0,0,0,1,0,0.1993039012323201,rbf,2,0.456517689263891,-0.2814726512340251,True,0.0016194276712864,0
analcatdata_broadwaymult_452,3,0.5789473684210527,0.0059294700622558,0.0012063980102539,0,1,0,1,0,0,0,0,0,0,0,1,0,0,0,0,0,0,0,0,0,0,0,1,0,0,7.299075873325754,rbf,2,scale,0.1780063165062735,True,0.0030758530017746,0
analcatdata_broadwaymult_452,0,0.5614035087719298,0.0100276470184326,0.0018346309661865,0,1,0,1,0,0,0,0,0,0,0,0,0,1,0,0,0,0,0,0,0,0,0,0,1,0,0.2466614086781119,linear,3,scale,-0.1701179428742515,True,0.0001647158965355,0
analcatdata_broadwaymult_452,0,0.5614035087719298,0.0036289691925048,0.0006690025329589,0,1,0,1,0,0,0,0,0,0,0,0,0,0,0,0,0,1,0,0,0,0,0,0,1,0,9.609620892000962,rbf,3,scale,-0.0366689899423166,True,0.0006698973224295,0
analcatdata_broadwaymult_452,0,0.5614035087719298,0.0101191997528076,0.001939058303833,0,1,0,1,0,0,0,0,0,0,0,0,0,1,0,0,0,0,0,1,0,0,0,0,0,0,2.413615487558396,sigmoid,4,0.29297735742233855,-0.2562158728575266,False,0.0007754248181595,0
analcatdata_broadwaymult_452,3,0.5614035087719298,0.1095008850097656,0.0502574443817138,0,1,0,1,0,0,0,0,0,0,0,0,0,0,1,0,0,0,0,0,0,0,0,0,1,0,2.1671166146181333,rbf,3,scale,0.3837722597563116,True,0.0003283374094159,0
analcatdata_broadwaymult_452,3,0.5614035087719298,0.0094759464263916,0.0018143653869628,0,1,0,1,0,0,0,0,0,0,0,0,0,1,0,0,0,0,0,0,0,0,0,0,1,0,0.1415734708588216,linear,4,scale,0.2285024351096948,True,0.0022401340734198,0
analcatdata_broadwaymult_452,0,0.5614035087719298,0.0085160732269287,0.0014426708221435,0,1,0,1,0,0,0,0,0,1,0,0,0,0,0,0,0,0,0,0,0,0,0,0,1,0,2.198239508964121,rbf,2,auto,0.6069668341555892,False,0.0017848941142588,0
analcatdata_broadwaymult_452,3,0.5614035087719298,0.0096139907836914,0.0016911029815673,0,1,0,1,0,0,0,0,0,0,0,0,0,1,0,0,0,0,0,0,0,0,0,1,0,0,0.7923313664615432,rbf,3,auto,0.3995388029739957,True,0.0001412107848032,0
analcatdata_broadwaymult_452,3,0.5614035087719298,0.0099227428436279,0.0017857551574707,0,1,0,1,0,0,0,0,0,1,0,0,0,0,0,0,0,0,0,1,0,0,0,0,0,0,5.80577364527048,sigmoid,2,scale,0.1984132784496217,False,0.0006082392606917,0
analcatdata_broadwaymult_452,3,0.5614035087719298,0.0060718059539794,0.0012364387512207,0,1,0,1,0,0,0,0,0,0,0,1,0,0,0,0,0,0,0,0,0,0,0,0,1,0,0.3032970290558856,linear,3,auto,0.1280465180250751,True,0.0086286592136052,0
analcatdata_broadwaymult_452,3,0.5614035087719298,0.0097856521606445,0.0018539428710937,0,1,0,1,0,0,0,0,0,0,0,0,0,1,0,0,0,0,0,1,0,0,0,0,0,0,0.5796971835043088,rbf,3,auto,-0.2541947986954073,False,0.0004141712493626,0
analcatdata_broadwaymult_452,3,0.5614035087719298,0.0089294910430908,0.0017290115356445,0,1,0,1,0,0,0,0,0,1,0,0,0,0,0,0,0,0,0,0,0,0,0,0,1,0,2.1216863777400423,poly,2,scale,-0.3088323994095553,True,0.0015699726834065,0
analcatdata_broadwaymult_452,0,0.5614035087719298,0.009451150894165,0.0016756057739257,0,1,0,1,0,0,0,0,0,1,0,0,0,0,0,0,0,0,0,1,0,0,0,0,0,0,9.627364772386612,rbf,2,0.0550199742528111,-0.2807472366182834,False,0.0003175671270112,0
analcatdata_broadwaymult_452,3,0.5614035087719298,0.0089595317840576,0.001594066619873,0,1,0,1,0,0,0,0,0,1,0,0,0,0,0,0,0,0,0,0,0,0,0,1,0,0,7.935078468089537,linear,2,scale,0.3408133247727403,True,0.0001258487048984,0
analcatdata_broadwaymult_452,0,0.5614035087719298,0.0032794475555419,0.0005593299865722,0,1,0,1,0,0,0,0,0,0,0,0,0,0,0,0,0,1,0,1,0,0,0,0,0,0,0.2160899239064199,rbf,4,scale,-0.4979068059150691,False,0.0013065825465558,0
students_scores_43097,0,0.925,0.0090994834899902,0.0024874210357666,0,1,0,1,0,0,1,0,0,0,0,0,0,0,0,0,0,0,0,0,0,1,0,0,0,0,0.7316298616300013,linear,3,0.1020256925369149,0.0718178615767954,False,0.0098433930016928,0
students_scores_43097,0,0.925,0.0086588859558105,0.0023107528686523,1,0,0,1,0,0,1,0,0,0,0,0,0,0,0,0,0,0,0,0,0,1,0,0,0,0,0.5842011969783186,rbf,3,scale,-0.0597181705398445,True,0.0002634141979877,0
students_scores_43097,0,0.92,0.014672040939331,0.0079572200775146,1,0,0,1,0,0,0,0,0,1,0,0,0,0,0,0,0,0,0,0,1,0,0,0,0,0,0.6324859622467534,linear,2,scale,-0.1586222298267837,True,0.00318239004116,0
students_scores_43097,0,0.92,0.0084609985351562,0.0021967887878417,0,1,0,0,1,0,1,0,0,0,0,0,0,0,0,0,0,0,0,1,0,0,0,0,0,0,2.08628255174654,sigmoid,2,scale,0.2812779296005033,True,0.0067414124711608,0
students_scores_43097,0,0.92,0.0078332424163818,0.0024316310882568,0,1,0,0,1,1,0,0,0,0,0,0,0,0,0,0,0,0,0,1,0,0,0,0,0,0,0.5435317875995935,rbf,2,auto,0.3400460474486749,True,0.0026435568455406,0
students_scores_43097,0,0.92,0.0074644088745117,0.0022952556610107,0,1,0,0,1,1,0,0,0,0,0,0,0,0,0,0,0,0,0,0,0,0,0,0,0,1,1.7392576036343848,poly,2,auto,0.0457431711571856,True,0.0019520512995272,0
students_scores_43097,0,0.92,0.0122811794281005,0.0031826496124267,0,1,0,0,1,0,1,0,0,0,0,0,0,0,0,0,0,0,0,0,1,0,0,0,0,0,0.2033901304677849,linear,2,auto,0.1222052188685501,True,0.0013377257304487,0
students_scores_43097,0,0.92,0.0076351165771484,0.0023894309997558,0,1,0,0,1,1,0,0,0,0,0,0,0,0,0,0,0,0,0,0,1,0,0,0,0,0,4.771302855783053,rbf,2,scale,-0.387887822050982,True,0.0005280770046361,0
students_scores_43097,0,0.92,0.0094912052154541,0.0023481845855712,0,1,0,0,1,0,1,0,0,0,0,0,0,0,0,0,0,0,0,0,0,0,0,0,0,1,0.1750998887089408,poly,3,auto,-0.083190730705707,False,0.0001928719409392,0
students_scores_43097,0,0.92,0.0080726146697998,0.0023527145385742,1,0,0,1,0,1,0,0,0,0,0,0,0,0,0,0,0,0,0,0,1,0,0,0,0,0,0.5755863911908566,poly,3,scale,0.5120176103124495,True,0.000786059009342,0
students_scores_43097,0,0.92,0.0075523853302001,0.002446174621582,1,0,0,1,0,1,0,0,0,0,0,0,0,0,0,0,0,0,0,0,0,0,0,0,0,1,5.3253789297797365,poly,4,scale,0.6076152526064579,True,0.0007792289529777,0
students_scores_43097,1,0.92,0.0166239738464355,0.0035617351531982,0,1,0,1,0,0,0,0,0,0,0,1,0,0,0,0,0,0,0,0,0,0,0,0,1,0,0.8108836406176533,poly,2,scale,0.2300775897158637,False,0.0002065827278156,0
students_scores_43097,0,0.92,0.0077722072601318,0.0024852752685546,0,1,0,1,0,1,0,0,0,0,0,0,0,0,0,0,0,0,0,1,0,0,0,0,0,0,3.564739132633277,rbf,2,0.04539590551839134,0.0639864617790743,False,0.0001794102222317,0
students_scores_43097,0,0.92,0.008019208908081,0.0024216175079345,0,1,0,1,0,0,0,0,0,0,1,0,0,0,0,0,0,0,0,1,0,0,0,0,0,0,3.363413637012218,sigmoid,5,scale,0.3078865392182728,False,0.0037345361157205,0
students_scores_43097,0,0.92,0.0087354183197021,0.0022311210632324,1,0,0,0,1,0,1,0,0,0,0,0,0,0,0,0,0,0,0,0,1,0,0,0,0,0,6.416680982965233,rbf,2,scale,-0.4942648249625642,True,0.0001462441007466,0
students_scores_43097,0,0.92,0.0074279308319091,0.0021843910217285,1,0,0,0,1,1,0,0,0,0,0,0,0,0,0,0,0,0,0,0,1,0,0,0,0,0,1.4827946426125893,linear,4,scale,0.2912492919436815,True,0.0001145271889853,0
students_scores_43097,0,0.92,0.0093533992767333,0.0027453899383544,1,0,0,1,0,0,0,0,0,0,0,0,0,1,0,0,0,0,0,0,1,0,0,0,0,0,0.4639473819242181,rbf,3,0.0812528389230925,-0.2280448894599215,False,0.0002659875212378,0
students_scores_43097,0,0.92,0.0082261562347412,0.0026476383209228,1,0,0,0,1,0,1,0,0,0,0,0,0,0,0,0,0,0,0,0,0,0,0,0,0,1,7.018523897235104,linear,2,scale,-0.4960770791339836,False,0.0004324898606633,0
students_scores_43097,0,0.92,0.0153002738952636,0.0042965412139892,0,1,0,1,0,0,0,0,0,1,0,0,0,0,0,0,0,0,0,0,1,0,0,0,0,0,0.120097733868611,linear,3,scale,-0.3813728485161828,False,0.0001036659718866,0
students_scores_43097,0,0.92,0.0085415840148925,0.0022671222686767,1,0,0,0,1,0,1,0,0,0,0,0,0,0,0,0,0,0,0,0,0,0,0,0,1,0,0.3286612826628521,rbf,4,scale,0.4697554566649851,True,0.0035416422707552,0
KungChi3_1441,4,1.0,0.0013065338134765,0.0001842975616455,1,0,1,0,0,0,0,0,0,0,0,0,0,1,0,0,0,0,0,0,1,0,0,0,0,0,1.8763829188292125,rbf,3,scale,0.5133912704448413,False,0.0054777484627357,0
KungChi3_1441,4,1.0,0.0011096000671386,0.0001652240753173,1,0,1,0,0,0,0,0,0,0,0,0,0,0,0,0,0,0,1,0,1,0,0,0,0,0,3.422615168446218,sigmoid,2,0.5716411764022407,-0.2338853309737129,False,0.000127621958397,0
KungChi3_1441,4,1.0,0.0016472339630126,0.0002667903900146,0,1,0,0,1,0,0,0,0,1,0,0,0,0,0,0,0,0,0,0,0,0,0,1,0,0,0.5449133281705865,rbf,3,0.013036787778052323,-0.0992807093605287,False,0.0036161438985075,0
KungChi3_1441,4,1.0,0.001054048538208,0.0001583099365234,1,0,1,0,0,0,0,0,1,0,0,0,0,0,0,0,0,0,0,0,1,0,0,0,0,0,0.1246017871435908,poly,3,auto,-0.8862459508254436,True,0.0017065234131847,0
KungChi3_1441,4,1.0,0.0012407302856445,0.000190258026123,0,1,0,0,1,1,0,0,0,0,0,0,0,0,0,0,0,0,0,0,0,0,0,1,0,0,0.1267023009439632,rbf,4,scale,0.0478078568505144,True,0.0016361793518974,0
KungChi3_1441,4,1.0,0.0016775131225585,0.0004599094390869,1,0,1,0,0,0,0,0,0,0,0,0,0,0,1,0,0,0,0,0,1,0,0,0,0,0,2.829589033242402,sigmoid,4,0.07564186928444108,0.2411244828333606,True,0.0054325538054298,0
KungChi3_1441,4,1.0,0.0011775493621826,0.0001924037933349,0,1,0,0,1,0,0,0,0,0,1,0,0,0,0,0,0,0,0,0,0,0,0,1,0,0,0.7502613555018257,rbf,3,0.05411181710229564,-0.4864288896434364,False,0.0001088707044278,0
KungChi3_1441,4,1.0,0.0022857189178466,0.0010406970977783,1,0,1,0,0,0,0,0,0,0,0,1,0,0,0,0,0,0,0,0,1,0,0,0,0,0,0.6367020051036241,poly,3,auto,0.1455562767521439,True,0.0006076495732303,0
KungChi3_1441,4,1.0,0.001237154006958,0.0002470016479492,0,1,1,0,0,0,0,0,0,0,0,0,0,0,0,0,1,0,0,0,0,1,0,0,0,0,2.5237732139764404,rbf,3,scale,-0.5596680663810228,False,0.0003367504008393,0
KungChi3_1441,4,1.0,0.0017497539520263,0.0004770755767822,0,1,1,0,0,0,0,0,0,0,0,0,0,0,1,0,0,0,0,0,0,1,0,0,0,0,0.2596715341176536,linear,5,scale,-0.293581838635395,True,0.000222548877356,0
KungChi3_1441,4,1.0,0.0013713836669921,0.0001783370971679,0,1,1,0,0,0,0,0,0,0,1,0,0,0,0,0,0,0,0,0,0,1,0,0,0,0,0.9556831728270798,linear,4,scale,0.2747764941718582,False,0.0092925457967913,0
KungChi3_1441,4,1.0,0.0052676200866699,0.0011563301086425,0,1,1,0,0,0,0,0,0,0,0,0,0,0,0,1,0,0,0,0,0,1,0,0,0,0,0.4240627440109679,rbf,3,auto,-0.2608512011277575,False,0.0046474406105782,0
KungChi3_1441,4,1.0,0.0011529922485351,0.0001661777496337,0,1,1,0,0,0,0,1,0,0,0,0,0,0,0,0,0,0,0,0,0,1,0,0,0,0,0.7090363815124531,sigmoid,2,scale,0.3865765394586493,False,0.0025133713345855,0
KungChi3_1441,4,1.0,0.0012793540954589,0.0002002716064453,0,1,1,0,0,0,0,0,0,0,0,0,0,1,0,0,0,0,0,0,0,0,1,0,0,0,0.8495646339273633,linear,3,scale,-0.0130271562999092,True,0.0086698157384095,0
KungChi3_1441,4,1.0,0.0019745826721191,0.0003862380981445,0,1,1,0,0,0,0,0,0,1,0,0,0,0,0,0,0,0,0,0,0,1,0,0,0,0,0.2738001051727984,linear,3,0.23188446109505262,-0.0812209371356981,False,0.0037968186368209,0
KungChi3_1441,4,1.0,0.0013618469238281,0.0002026557922363,0,1,0,0,1,0,0,0,0,0,0,0,0,1,0,0,0,0,0,0,0,0,0,1,0,0,0.1855470874172065,poly,2,0.35345116436975565,0.1395134420214056,False,0.0004117249630003,0
KungChi3_1441,4,1.0,0.0012426376342773,0.0001921653747558,0,1,1,0,0,1,0,0,0,0,0,0,0,0,0,0,0,0,0,0,0,1,0,0,0,0,0.1335573417801647,rbf,4,auto,0.2328370218801034,False,0.0005051108521357,0
KungChi3_1441,4,1.0,0.0014774799346923,0.0002367496490478,0,1,1,0,0,0,1,0,0,0,0,0,0,0,0,0,0,0,0,0,0,0,1,0,0,0,8.704755078193475,sigmoid,4,scale,0.1882142390496631,False,0.0002223855922177,0
KungChi3_1441,4,1.0,0.0017426013946533,0.0002295970916748,0,1,1,0,0,0,0,0,0,0,0,1,0,0,0,0,0,0,0,0,0,0,1,0,0,0,5.69036500243853,poly,2,0.06915676530840961,-0.1447314820399873,True,0.0009397817672791,0
KungChi3_1441,4,1.0,0.001173973083496,0.0001661777496337,0,1,0,0,1,0,0,0,0,0,0,0,0,0,0,0,0,1,0,0,0,0,0,1,0,0,0.3892655099651111,rbf,3,auto,0.4010645771855181,False,0.0041924753617815,0
autoUniv-au7-700_1553,0,0.5428571428571428,0.0130603313446044,0.0030770301818847,0,1,0,1,0,0,1,0,0,0,0,0,0,0,0,0,0,0,0,1,0,0,0,0,0,0,0.1169172267604692,linear,2,scale,0.0221859533826487,False,0.005478393467328,0
autoUniv-au7-700_1553,0,0.5428571428571428,0.0131747722625732,0.0031647682189941,1,0,0,1,0,0,1,0,0,0,0,0,0,0,0,0,0,0,0,1,0,0,0,0,0,0,0.7807402678729503,poly,4,scale,0.2276053794314826,False,0.0003212795760589,0
autoUniv-au7-700_1553,3,0.5285714285714286,0.0098288059234619,0.0027177333831787,0,1,0,1,0,0,0,0,0,0,1,0,0,0,0,0,0,0,0,0,0,0,0,0,0,1,9.975550900752305,poly,3,0.0438147072637877,-0.3410340430530824,True,0.0007046790018667,0
autoUniv-au7-700_1553,3,0.5285714285714286,0.0095622539520263,0.0025553703308105,1,0,0,1,0,0,0,0,0,0,1,0,0,0,0,0,0,0,0,0,0,0,0,0,0,1,0.9660001987603016,rbf,2,scale,-0.2101132836945424,True,0.0069367917480225,0
autoUniv-au7-700_1553,0,0.5142857142857142,0.0095648765563964,0.0025811195373535,0,1,0,1,0,0,0,0,0,0,1,0,0,0,0,0,0,0,0,1,0,0,0,0,0,0,9.698158500421846,poly,3,0.08195454183526056,0.0070598851160604,False,0.000210399809698,0
autoUniv-au7-700_1553,4,0.5142857142857142,0.009883165359497,0.0026001930236816,0,1,0,0,1,0,0,0,0,0,1,0,0,0,0,0,0,0,0,0,0,0,0,0,1,0,2.054109605423701,linear,3,0.1248013325582011,-0.1578443834896936,False,0.0002409844239642,0
autoUniv-au7-700_1553,0,0.5142857142857142,0.0095641613006591,0.0026185512542724,1,0,0,1,0,0,0,0,0,0,1,0,0,0,0,0,0,0,0,1,0,0,0,0,0,0,0.5504244754966604,linear,2,scale,0.3015263260836679,True,0.0001000674470561,0
autoUniv-au7-700_1553,4,0.5142857142857142,0.0099773406982421,0.002655029296875,1,0,0,0,1,0,0,0,0,0,1,0,0,0,0,0,0,0,0,0,0,0,0,0,1,0,0.1631349454789811,rbf,3,scale,0.1821970821621912,True,0.0064718734247416,0
autoUniv-au7-700_1553,3,0.5071428571428571,0.0094375610351562,0.0025882720947265,1,0,0,1,0,0,0,0,0,0,0,0,0,0,0,0,0,1,0,0,0,0,0,0,1,0,2.691648282008002,rbf,2,0.05187250211175187,-0.1728895887589686,False,0.0008037951243213,0
autoUniv-au7-700_1553,3,0.5071428571428571,0.0095133781433105,0.0025701522827148,0,1,0,0,1,0,0,0,0,0,0,0,0,0,0,0,0,1,0,0,0,0,0,0,0,1,2.8545140153232773,rbf,2,auto,-0.505326859023439,False,0.0001660526729416,0
autoUniv-au7-700_1553,3,0.5071428571428571,0.0104022026062011,0.0025191307067871,1,0,0,0,1,0,0,0,0,0,0,0,0,0,0,0,0,1,0,0,0,0,0,0,0,1,0.1618123918194512,rbf,2,auto,-0.2184139339458952,False,0.0003770075470627,0
autoUniv-au7-700_1553,3,0.5071428571428571,0.0102055072784423,0.0026187896728515,0,1,0,1,0,0,0,0,0,0,0,0,0,0,0,0,0,1,0,0,0,0,0,0,0,1,3.6240133549455984,rbf,2,scale,-0.4913505529943182,True,0.0009851186221588,0
autoUniv-au7-700_1553,3,0.5071428571428571,0.0096693038940429,0.0026028156280517,0,1,0,0,1,0,0,0,0,0,0,0,0,0,0,0,0,1,0,0,0,0,0,0,1,0,0.1034099474345332,sigmoid,4,auto,-0.4660088994843991,True,0.0002077295335541,0
autoUniv-au7-700_1553,3,0.5071428571428571,0.009340763092041,0.002521276473999,0,1,0,1,0,0,0,0,0,0,0,0,0,0,0,0,0,1,0,0,0,0,0,0,1,0,0.140802452299643,linear,3,auto,-0.6361788136942669,False,0.0002320019540092,0
autoUniv-au7-700_1553,3,0.5071428571428571,0.0095374584197998,0.0025722980499267,1,0,0,1,0,0,0,0,0,0,0,0,0,0,0,0,0,1,0,0,0,0,0,0,0,1,4.800017785855023,rbf,3,auto,-0.0932505179796081,False,0.0093585179744406,0
autoUniv-au7-700_1553,3,0.5071428571428571,0.0093445777893066,0.0025622844696044,1,0,0,0,1,0,0,0,0,0,0,0,0,0,0,0,0,1,0,0,0,0,0,0,1,0,1.226548775840245,sigmoid,4,scale,0.1974706146813496,False,0.002054570192597,0
autoUniv-au7-700_1553,1,0.5071428571428571,0.0142009258270263,0.0030689239501953,0,1,0,0,1,0,0,0,0,0,1,0,0,0,0,0,0,0,0,0,0,0,0,0,0,1,1.563947458265347,linear,2,scale,0.2883589988676777,False,0.0004299399420337,0
autoUniv-au7-700_1553,1,0.5071428571428571,0.009345531463623,0.0025241374969482,1,0,0,0,1,0,0,0,0,0,1,0,0,0,0,0,0,0,0,0,0,0,0,0,0,1,4.843312534704032,poly,5,scale,0.1425966408501857,True,0.0001487083003554,0
autoUniv-au7-700_1553,3,0.5,0.0104830265045166,0.0026607513427734,1,0,0,0,1,0,0,0,0,0,0,0,0,0,0,0,0,1,0,0,0,0,0,1,0,0,0.1886068322516504,sigmoid,3,scale,-0.0674127047684582,False,0.0092959379097197,0
autoUniv-au7-700_1553,0,0.5,0.0107808113098144,0.0025365352630615,0,1,0,0,1,0,0,0,0,0,0,0,0,0,0,0,0,1,0,0,0,1,0,0,0,0,1.9609784453546268,sigmoid,4,scale,-0.3534735981435975,False,0.0001501270333497,0
pm10_750,0,0.69,0.0699465274810791,0.0163474082946777,0,1,0,1,0,0,0,0,0,0,0,0,0,0,0,1,0,0,0,0,0,0,0,1,0,0,2.3236439528928527,poly,3,scale,0.2242899293935314,False,0.0002731457263619,0
pm10_750,0,0.69,0.0690693855285644,0.0162317752838134,1,0,1,0,0,0,0,0,0,0,0,0,0,0,0,1,0,0,0,0,0,0,0,1,0,0,0.2260930525120579,sigmoid,2,0.052642236289256635,0.0788670090330058,False,0.0001563490171874,0
pm10_750,0,0.69,0.0696179866790771,0.0164995193481445,1,0,0,0,1,0,0,0,0,0,0,0,0,0,0,1,0,0,0,0,0,0,0,1,0,0,1.6174881186640568,linear,4,scale,0.0917518228841942,False,0.0005125438722862,0
pm10_750,0,0.69,0.0701608657836914,0.0163989067077636,0,1,1,0,0,0,0,0,0,0,0,0,0,0,0,1,0,0,0,0,0,0,0,1,0,0,5.838746193787705,rbf,2,scale,0.1042264974742307,False,0.0030774233703973,0
pm10_750,0,0.69,0.0697276592254638,0.0165410041809082,0,1,0,0,1,0,0,0,0,0,0,0,0,0,0,1,0,0,0,0,0,0,0,1,0,0,1.18435024328404,poly,3,0.7053217867689415,0.0346240959244595,False,0.0062312301320303,0
pm10_750,0,0.69,0.0696208477020263,0.0163750648498535,1,0,0,1,0,0,0,0,0,0,0,0,0,0,0,1,0,0,0,0,0,0,0,1,0,0,0.926178349203054,rbf,3,scale,0.0372224513370224,True,0.000200359258849,0
pm10_750,0,0.68,0.0052278041839599,0.0014569759368896,1,0,1,0,0,0,1,0,0,0,0,0,0,0,0,0,0,0,0,0,0,1,0,0,0,0,8.28700478989854,sigmoid,3,scale,-0.3368006327547398,True,0.0001540794101095,0
pm10_750,0,0.68,0.0050129890441894,0.0014359951019287,1,0,0,0,1,0,1,0,0,0,0,0,0,0,0,0,0,0,0,0,0,1,0,0,0,0,6.524439234547435,linear,3,scale,-0.1333173425583691,False,0.001119363462328,0
pm10_750,0,0.68,0.0049517154693603,0.0013957023620605,0,1,1,0,0,0,1,0,0,0,0,0,0,0,0,0,0,0,0,0,0,1,0,0,0,0,0.6985847429567559,rbf,2,scale,0.0120403339886558,False,0.0022229288526222,0
pm10_750,0,0.68,0.0049817562103271,0.0013637542724609,0,1,0,1,0,0,1,0,0,0,0,0,0,0,0,0,0,0,0,0,0,1,0,0,0,0,0.2151303494851947,rbf,5,scale,0.2105192696628613,True,0.0049782571908303,0
pm10_750,0,0.68,0.0049269199371337,0.001389741897583,0,1,0,0,1,0,1,0,0,0,0,0,0,0,0,0,0,0,0,0,0,1,0,0,0,0,0.865103484658298,rbf,3,scale,-0.0607259869289781,True,0.0001528993313222,0
pm10_750,0,0.68,0.0050890445709228,0.0013983249664306,1,0,0,1,0,0,1,0,0,0,0,0,0,0,0,0,0,0,0,0,0,1,0,0,0,0,0.4446845304840556,rbf,2,scale,0.4591233025048692,False,0.0006671680542556,0
pm10_750,0,0.67,0.0062885284423828,0.001819372177124,0,1,0,0,1,0,0,0,0,0,0,0,0,0,1,0,0,0,0,0,0,0,0,0,1,0,0.4564005510239846,poly,3,auto,0.2058620292580327,False,0.0020475246050898,0
pm10_750,0,0.67,0.0065705776214599,0.0020370483398437,1,0,1,0,0,0,0,0,0,0,0,0,0,0,1,0,0,0,0,0,0,0,0,0,1,0,2.334680841819017,linear,2,auto,-0.0519738132819067,True,0.0001524882061253,0
pm10_750,0,0.67,0.0060374736785888,0.0018541812896728,0,1,1,0,0,0,0,0,0,0,0,0,0,0,1,0,0,0,0,0,0,0,0,0,1,0,0.7924972962744838,sigmoid,3,scale,0.1551652817429377,True,0.0048665121044069,0
pm10_750,0,0.67,0.0061733722686767,0.0018327236175537,1,0,0,0,1,0,0,0,0,0,0,0,0,0,1,0,0,0,0,0,0,0,0,0,1,0,7.064085170809711,linear,3,auto,-0.1444890598191523,True,0.0053930858979955,0
pm10_750,0,0.67,0.0059573650360107,0.0017757415771484,0,1,0,1,0,0,0,0,0,0,0,0,0,0,1,0,0,0,0,0,0,0,0,0,1,0,0.8911559907932746,rbf,2,0.47961735889380386,0.0052389196127902,False,0.0003684535162697,0
pm10_750,0,0.67,0.0061676502227783,0.0018432140350341,1,0,0,1,0,0,0,0,0,0,0,0,0,0,1,0,0,0,0,0,0,0,0,0,1,0,0.2414863997673474,poly,2,scale,-0.1960804635934132,True,0.000712041374433,0
pm10_750,0,0.66,0.0748035907745361,0.0174298286437988,0,1,0,1,0,0,0,0,0,0,0,0,0,0,0,1,0,0,0,1,0,0,0,0,0,0,0.5722598260044223,rbf,2,scale,-0.3286120147196897,True,0.0030458409325706,0
pm10_750,0,0.66,0.0741975307464599,0.0174474716186523,0,1,0,1,0,0,0,0,0,0,0,0,0,0,0,1,0,0,0,0,0,0,0,0,1,0,0.4739941890197851,linear,2,auto,0.126437592376336,True,0.0024297100681518,0
algerian_forest_fires_46279,2,1.0,0.0011706352233886,0.0001888275146484,0,1,0,0,1,0,0,0,0,0,0,0,0,0,0,0,0,1,0,0,0,0,0,1,0,0,1.622009730088109,rbf,2,auto,-0.2566234703763949,False,0.0005802662065959,0
algerian_forest_fires_46279,3,1.0,0.0014967918395996,0.0002760887145996,1,0,1,0,0,0,0,0,0,0,0,0,0,0,0,0,0,1,0,0,0,0,0,0,0,1,0.2693690506164034,poly,2,scale,0.1036043746767576,True,0.0006578753670018,0
algerian_forest_fires_46279,2,1.0,0.0011849403381347,0.0002427101135253,0,1,1,0,0,0,0,0,0,0,0,0,0,0,0,0,0,1,0,0,0,0,0,1,0,0,0.536687786568103,rbf,4,scale,-0.1510524855182179,False,0.0014455894604616,0
algerian_forest_fires_46279,2,1.0,0.0012965202331542,0.0001921653747558,0,1,0,1,0,0,0,0,0,0,0,0,0,0,0,0,0,1,0,0,0,0,0,1,0,0,2.1007582604838446,poly,4,0.33872898391088424,-0.1084465275700007,True,0.0013842183088564,0
algerian_forest_fires_46279,4,1.0,0.0013878345489501,0.0002515316009521,0,1,0,1,0,1,0,0,0,0,0,0,0,0,0,0,0,0,0,0,0,1,0,0,0,0,0.4848338310759836,linear,4,auto,0.1120982552903874,True,0.0061270966507625,0
algerian_forest_fires_46279,4,1.0,0.0014116764068603,0.0002739429473876,1,0,1,0,0,0,0,0,0,0,1,0,0,0,0,0,0,0,0,0,1,0,0,0,0,0,6.745846157378622,poly,3,scale,0.0831414822969056,False,0.0004374885831416,0
algerian_forest_fires_46279,4,1.0,0.0014929771423339,0.0002822875976562,1,0,0,0,1,0,0,0,0,0,1,0,0,0,0,0,0,0,0,0,1,0,0,0,0,0,0.1249440347154155,rbf,3,auto,-0.5327239897835002,True,0.0001645957037185,0
algerian_forest_fires_46279,3,1.0,0.0012547969818115,0.0002050399780273,1,0,0,0,1,0,0,0,0,0,0,0,0,0,0,0,0,1,0,0,0,0,0,0,0,1,3.722360816936744,linear,2,auto,0.090240944447964,False,0.0007127725641038,0
algerian_forest_fires_46279,4,1.0,0.0012972354888916,0.0002436637878417,0,1,0,1,0,0,0,0,0,0,0,0,0,0,0,0,0,1,0,0,0,1,0,0,0,0,0.2057633939585507,rbf,2,auto,-0.3225941324860304,False,0.000137481160436,0
algerian_forest_fires_46279,4,1.0,0.0014388561248779,0.000267744064331,1,0,0,0,1,1,0,0,0,0,0,0,0,0,0,0,0,0,0,0,0,1,0,0,0,0,2.6747752594280048,linear,3,scale,-0.1458693558665312,False,0.0026665615279783,0
algerian_forest_fires_46279,4,1.0,0.0014402866363525,0.0002639293670654,1,0,0,0,1,0,0,0,0,0,0,0,0,0,0,0,0,1,0,0,1,0,0,0,0,0,6.4076921934863655,rbf,2,auto,-0.0158720311459056,False,0.0020873259170119,0
algerian_forest_fires_46279,2,1.0,0.0014145374298095,0.0002582073211669,1,0,0,0,1,1,0,0,0,0,0,0,0,0,0,0,0,0,0,0,0,1,0,0,0,0,0.1027511086429443,sigmoid,3,scale,-0.380276914702118,True,0.0008673065669725,0
algerian_forest_fires_46279,4,1.0,0.001455545425415,0.0002546310424804,1,0,0,0,1,0,0,0,0,0,0,0,0,0,0,0,0,1,0,0,0,1,0,0,0,0,0.3483154509428641,rbf,3,0.7601611817719973,-0.5731243858527307,False,0.0027376268956368,0
algerian_forest_fires_46279,2,1.0,0.0014069080352783,0.0002481937408447,0,1,0,1,0,1,0,0,0,0,0,0,0,0,0,0,0,0,0,0,0,1,0,0,0,0,4.363822363329525,rbf,4,scale,0.2841809874806984,True,0.0020385965885128,0
algerian_forest_fires_46279,4,1.0,0.0013563632965087,0.0003156661987304,0,1,0,0,1,0,0,0,0,0,0,0,0,0,0,0,0,1,0,0,1,0,0,0,0,0,6.3746484320001535,rbf,3,scale,0.4796363996979231,True,0.0069975293658499,0
algerian_forest_fires_46279,2,1.0,0.001239538192749,0.0001938343048095,1,0,0,0,1,0,0,0,0,0,0,0,0,0,0,0,0,1,0,0,0,0,0,1,0,0,0.4603940239819053,poly,2,auto,-0.5682470293389176,True,0.0057011985673522,0
algerian_forest_fires_46279,2,1.0,0.0012915134429931,0.0001964569091796,1,0,0,1,0,0,0,0,0,0,0,0,0,0,0,0,0,1,0,0,0,0,0,1,0,0,0.8486482352833751,linear,4,scale,0.2049566314252029,True,0.0012685831183314,0
algerian_forest_fires_46279,2,1.0,0.0014472007751464,0.0002644062042236,1,0,0,1,0,1,0,0,0,0,0,0,0,0,0,0,0,0,0,0,0,1,0,0,0,0,9.334044741497586,rbf,5,0.28221207102234874,0.0562865675350053,True,0.0012577293442399,0
algerian_forest_fires_46279,3,1.0,0.0013906955718994,0.0002026557922363,0,1,0,0,1,0,0,0,0,0,0,0,0,0,0,0,0,1,0,0,0,0,0,0,0,1,2.731507584647652,sigmoid,3,scale,-0.5547408986461482,False,0.0061164562522429,0
algerian_forest_fires_46279,4,1.0,0.0014700889587402,0.0002660751342773,1,0,0,1,0,1,0,0,0,0,0,0,0,0,0,0,0,0,0,0,0,1,0,0,0,0,0.6519693911826009,rbf,4,scale,-0.2412425629061847,True,0.001517756135245,0
fri_c3_500_50_937,2,0.92,0.0035126209259033,0.000885009765625,0,1,0,1,0,1,0,0,0,0,0,0,0,0,0,0,0,0,0,1,0,0,0,0,0,0,0.3007537867386754,sigmoid,5,0.7470431013911747,-0.0551352255268558,True,0.0001181924481202,0
fri_c3_500_50_937,2,0.92,0.0035312175750732,0.0008957386016845,1,0,0,1,0,1,0,0,0,0,0,0,0,0,0,0,0,0,0,1,0,0,0,0,0,0,0.1387590156760635,linear,3,auto,0.0972400339757632,False,0.0016822559987525,0
fri_c3_500_50_937,2,0.92,0.0034492015838623,0.0008823871612548,0,1,1,0,0,1,0,0,0,0,0,0,0,0,0,0,0,0,0,1,0,0,0,0,0,0,8.581204658243903,linear,4,0.015470039336744965,-0.2307183730320202,True,0.0001237791027824,0
fri_c3_500_50_937,2,0.92,0.0034379959106445,0.0009546279907226,0,1,0,0,1,1,0,0,0,0,0,0,0,0,0,0,0,0,0,1,0,0,0,0,0,0,0.3114187320950144,rbf,3,scale,0.075803602555822,False,0.0034415096203599,0
fri_c3_500_50_937,2,0.92,0.004854679107666,0.0010991096496582,1,0,0,0,1,1,0,0,0,0,0,0,0,0,0,0,0,0,0,1,0,0,0,0,0,0,1.23602471776584,rbf,4,auto,-0.3904311174155512,False,0.0007230983137917,0
fri_c3_500_50_937,2,0.92,0.0035147666931152,0.000892162322998,1,0,1,0,0,1,0,0,0,0,0,0,0,0,0,0,0,0,0,1,0,0,0,0,0,0,1.1608035857722436,rbf,2,auto,-0.0092882718860606,True,0.0047037490942808,0
fri_c3_500_50_937,2,0.91,0.003662109375,0.0008661746978759,1,0,1,0,0,1,0,0,0,0,0,0,0,0,0,0,0,0,0,0,1,0,0,0,0,0,0.7062124471758814,poly,3,auto,-0.3492890127190626,True,0.0027705427144158,0
fri_c3_500_50_937,2,0.91,0.003577709197998,0.0008721351623535,1,0,1,0,0,1,0,0,0,0,0,0,0,0,0,0,0,0,0,0,0,0,0,0,0,1,3.849826111697657,poly,2,scale,-0.1520562775816165,False,0.0030459220459767,0
fri_c3_500_50_937,2,0.91,0.0036890506744384,0.0008819103240966,1,0,0,1,0,1,0,0,0,0,0,0,0,0,0,0,0,0,0,0,0,0,0,0,0,1,6.406405612294472,rbf,4,0.468073510998096,0.0397927844137973,True,0.0001709565603049,0
fri_c3_500_50_937,2,0.91,0.0034677982330322,0.000840425491333,0,1,0,1,0,1,0,0,0,0,0,0,0,0,0,0,0,0,0,0,1,0,0,0,0,0,0.4099024267068293,linear,2,auto,0.6688225805956484,True,0.0008009768442155,0
fri_c3_500_50_937,2,0.91,0.0035154819488525,0.0008494853973388,0,1,1,0,0,1,0,0,0,0,0,0,0,0,0,0,0,0,0,0,1,0,0,0,0,0,7.990058283563654,rbf,2,scale,-0.2262987814483889,True,0.0097412863369624,0
fri_c3_500_50_937,2,0.91,0.0037372112274169,0.0009858608245849,1,0,0,0,1,1,0,0,0,0,0,0,0,0,0,0,0,0,0,0,1,0,0,0,0,0,8.26960178250348,poly,4,0.13792252518540143,0.3473251298376783,False,0.0018901418572585,0
fri_c3_500_50_937,2,0.91,0.0035600662231445,0.000861644744873,1,0,0,1,0,1,0,0,0,0,0,0,0,0,0,0,0,0,0,0,1,0,0,0,0,0,0.2719790439855538,poly,3,scale,0.127432189572748,True,0.0006690771974779,0
fri_c3_500_50_937,2,0.91,0.0034675598144531,0.0008397102355957,0,1,0,0,1,1,0,0,0,0,0,0,0,0,0,0,0,0,0,0,1,0,0,0,0,0,0.4572537079939384,sigmoid,3,scale,-0.3155824299288916,False,0.0023418365769005,0
fri_c3_500_50_937,2,0.91,0.0036118030548095,0.0008614063262939,0,1,1,0,0,1,0,0,0,0,0,0,0,0,0,0,0,0,0,0,0,0,0,0,0,1,3.6546703560831806,rbf,2,scale,0.257040533960729,True,0.0045360901958776,0
fri_c3_500_50_937,2,0.91,0.0035324096679687,0.0008518695831298,0,1,0,0,1,1,0,0,0,0,0,0,0,0,0,0,0,0,0,0,0,0,0,0,0,1,3.904450940467649,rbf,2,scale,-0.000552892380966,False,0.0050897430538434,0
fri_c3_500_50_937,2,0.91,0.0036060810089111,0.0008625984191894,1,0,0,0,1,1,0,0,0,0,0,0,0,0,0,0,0,0,0,0,0,0,0,0,0,1,7.493185434403723,poly,2,auto,-0.0213839416227168,False,0.0005265399870485,0
fri_c3_500_50_937,2,0.91,0.0036280155181884,0.0008771419525146,0,1,0,1,0,1,0,0,0,0,0,0,0,0,0,0,0,0,0,0,0,0,0,0,0,1,4.550389463423291,rbf,2,scale,0.1842880235735845,False,0.000122666232711,0
fri_c3_500_50_937,2,0.88,0.0038862228393554,0.0009527206420898,1,0,1,0,0,1,0,0,0,0,0,0,0,0,0,0,0,0,0,0,0,0,0,0,1,0,0.5928166212991959,sigmoid,3,scale,-0.3144427109572649,False,0.0027704572806464,0
fri_c3_500_50_937,2,0.88,0.0042295455932617,0.0011453628540039,1,0,0,0,1,1,0,0,0,0,0,0,0,0,0,0,0,0,0,0,0,0,0,0,1,0,1.3966822467213773,poly,4,scale,0.0171112628543475,True,0.0004057273930313,0
fri_c2_1000_50_866,3,0.945,0.0086612701416015,0.0023109912872314,1,0,0,0,1,1,0,0,0,0,0,0,0,0,0,0,0,0,0,0,0,0,0,1,0,0,0.3440802904215748,poly,3,0.6154158339724373,0.3740252785582331,False,0.0038913959068672,0
fri_c2_1000_50_866,3,0.945,0.0086853504180908,0.0024490356445312,0,1,1,0,0,1,0,0,0,0,0,0,0,0,0,0,0,0,0,0,0,0,0,1,0,0,0.8814917483507808,poly,3,scale,-0.6308772767377748,True,0.0001566397197955,0
fri_c2_1000_50_866,3,0.945,0.0090131759643554,0.0024092197418212,0,1,1,0,0,0,0,0,0,0,0,0,0,0,0,0,0,1,0,0,0,0,0,1,0,0,3.071710208094484,poly,4,scale,-0.1823970580002677,True,0.0004656873635248,0
fri_c2_1000_50_866,3,0.945,0.0090906620025634,0.0025417804718017,0,1,0,1,0,0,0,0,0,0,0,0,0,0,0,0,0,1,0,0,0,0,0,1,0,0,0.4035258196991167,rbf,3,auto,-0.0192863365027874,True,0.0001794748170969,0
fri_c2_1000_50_866,3,0.945,0.0085787773132324,0.0023291110992431,0,1,0,0,1,1,0,0,0,0,0,0,0,0,0,0,0,0,0,0,0,0,0,1,0,0,9.154743565895233,sigmoid,2,auto,0.1042777652939129,True,0.0008616917132038,0
fri_c2_1000_50_866,3,0.945,0.0083222389221191,0.0023307800292968,0,1,0,0,1,0,0,0,0,0,0,0,0,0,0,0,0,1,0,0,0,0,0,1,0,0,0.491081202568961,linear,3,auto,-0.0202781477449168,True,0.0003059230185328,0
fri_c2_1000_50_866,3,0.945,0.0089356899261474,0.0023443698883056,1,0,0,1,0,0,0,0,0,0,0,0,0,0,0,0,0,1,0,0,0,0,0,1,0,0,0.4980929709025404,rbf,4,0.5567449772968912,0.0837896329139987,False,0.0006467727447306,0
fri_c2_1000_50_866,3,0.945,0.0085642337799072,0.0023303031921386,1,0,0,1,0,1,0,0,0,0,0,0,0,0,0,0,0,0,0,0,0,0,0,1,0,0,8.62797660611756,rbf,2,scale,-0.4976176564190601,True,0.0089453196552783,0
fri_c2_1000_50_866,3,0.945,0.0091269016265869,0.002429723739624,0,1,0,1,0,1,0,0,0,0,0,0,0,0,0,0,0,0,0,0,0,0,0,1,0,0,2.69299671353152,sigmoid,3,auto,0.3355242408177564,True,0.0006933089141221,0
fri_c2_1000_50_866,3,0.945,0.0090227127075195,0.002375841140747,1,0,1,0,0,1,0,0,0,0,0,0,0,0,0,0,0,0,0,0,0,0,0,1,0,0,0.2371568717402205,poly,2,auto,0.1806909581776841,True,0.0014740718413918,0
fri_c2_1000_50_866,3,0.945,0.00913667678833,0.0023465156555175,1,0,1,0,0,0,0,0,0,0,0,0,0,0,0,0,0,1,0,0,0,0,0,1,0,0,3.241518026588998,linear,3,0.05651565304659001,-0.0609121538223119,True,0.0001556383628941,0
fri_c2_1000_50_866,3,0.945,0.0088148117065429,0.0023653507232666,1,0,0,0,1,0,0,0,0,0,0,0,0,0,0,0,0,1,0,0,0,0,0,1,0,0,0.5013195378444034,rbf,4,auto,-0.3698043849071207,False,0.0005019045502244,0
fri_c2_1000_50_866,3,0.935,0.0085129737854003,0.0023853778839111,1,0,0,0,1,1,0,0,0,0,0,0,0,0,0,0,0,0,0,0,0,0,1,0,0,0,3.8491777728526144,linear,4,auto,0.2031517632200503,True,0.0004087783199627,0
fri_c2_1000_50_866,3,0.935,0.0121402740478515,0.0028409957885742,0,1,1,0,0,0,0,0,0,0,0,0,0,0,0,0,0,1,0,0,1,0,0,0,0,0,0.2011042889350507,poly,4,auto,-0.0799403104218901,True,0.0005292082864532,0
fri_c2_1000_50_866,1,0.935,0.0088465213775634,0.002314805984497,0,1,1,0,0,1,0,0,0,0,0,0,0,0,0,0,0,0,0,0,1,0,0,0,0,0,0.7171586500993188,sigmoid,4,scale,0.2044774849881481,True,0.0075349698055278,0
fri_c2_1000_50_866,1,0.935,0.0091562271118164,0.0023579597473144,0,1,1,0,0,0,0,0,0,0,0,0,0,0,0,0,0,1,0,0,1,0,0,0,0,0,1.1016441128791323,rbf,4,auto,0.185236982665054,True,0.0001008598687156,0
fri_c2_1000_50_866,3,0.935,0.0083796977996826,0.0022280216217041,1,0,0,0,1,0,0,0,0,0,0,0,0,0,0,0,0,1,0,0,0,0,1,0,0,0,7.786758912353402,sigmoid,3,auto,-0.1365918749344841,False,0.0001336458467488,0
fri_c2_1000_50_866,1,0.935,0.0082571506500244,0.0022790431976318,1,0,0,0,1,0,0,0,0,0,0,0,0,0,0,0,0,1,0,0,0,0,1,0,0,0,0.3006097668570179,poly,5,0.41687066231680103,0.0174660915652754,True,0.0009470210969713,0
fri_c2_1000_50_866,3,0.935,0.0085599422454833,0.002403974533081,0,1,1,0,0,1,0,0,0,0,0,0,0,0,0,0,0,0,0,0,1,0,0,0,0,0,8.66458592920543,rbf,2,auto,0.2755871157962637,True,0.0049023541186699,0
fri_c2_1000_50_866,3,0.935,0.0082433223724365,0.0023465156555175,1,0,1,0,0,0,0,0,0,0,0,0,0,0,0,0,0,1,0,0,1,0,0,0,0,0,0.4471896611572359,rbf,2,0.14945660358382468,0.248713286676638,True,0.0001204298510412,0
fruitfly_714,4,0.72,0.0011940002441406,0.0002119541168212,0,1,0,0,1,0,0,0,0,0,0,0,0,0,1,0,0,0,0,0,0,0,0,0,0,1,1.6861366693551765,linear,4,auto,0.3751839176759889,True,0.0033971927907845,0
fruitfly_714,4,0.72,0.0011134147644042,0.0001938343048095,0,1,1,0,0,0,0,0,0,0,0,0,0,1,0,0,0,0,0,0,0,0,1,0,0,0,0.2376649034401184,sigmoid,2,scale,-0.2994433210136053,False,0.0088021271453058,0
fruitfly_714,4,0.72,0.0011887550354003,0.000209093093872,1,0,0,0,1,0,0,0,0,0,0,0,0,1,0,0,0,0,0,0,0,0,1,0,0,0,8.814670179743503,linear,2,auto,-0.5307633338038201,False,0.0049783611976622,0
fruitfly_714,4,0.72,0.0012001991271972,0.0002129077911376,1,0,1,0,0,0,0,0,0,0,0,1,0,0,0,0,0,0,0,0,0,0,0,1,0,0,0.8285497392051758,linear,3,scale,0.5393953969391316,True,0.0081574391934134,0
fruitfly_714,4,0.72,0.0017528533935546,0.0002822875976562,1,0,0,0,1,0,0,0,0,1,0,0,0,0,0,0,0,0,0,0,0,0,0,1,0,0,0.1646664986170716,rbf,4,scale,-0.4301533065862187,True,0.0019070533399764,0
fruitfly_714,4,0.72,0.0012755393981933,0.0002131462097167,0,1,1,0,0,0,0,0,0,0,0,0,0,0,1,0,0,0,0,0,0,0,1,0,0,0,5.891409455472688,poly,4,scale,-0.2692766831490777,False,0.0017022762595709,0
fruitfly_714,4,0.72,0.0012497901916503,0.000220775604248,1,0,0,0,1,0,0,0,0,0,0,0,0,0,1,0,0,0,0,0,0,0,1,0,0,0,0.7303482695222182,rbf,3,scale,0.1510726043718425,True,0.0093056413711399,0
fruitfly_714,4,0.72,0.0012345314025878,0.0002472400665283,1,0,0,0,1,0,0,0,0,0,0,0,0,0,1,0,0,0,0,0,0,0,0,0,0,1,2.3255750364403944,poly,3,auto,-0.381419470638713,False,0.0005086539720298,0
fruitfly_714,4,0.72,0.0018882751464843,0.0004124641418457,0,1,1,0,0,0,0,0,0,0,0,0,1,0,0,0,0,0,0,0,0,0,0,0,0,1,0.1367914383748261,rbf,3,scale,-0.6528667414113932,True,0.0009025916136156,0
fruitfly_714,4,0.72,0.0012209415435791,0.0002233982086181,1,0,0,0,1,0,0,0,0,0,0,0,0,0,1,0,0,0,0,0,0,0,0,1,0,0,5.933098104467056,rbf,4,auto,0.053051872439362,False,0.0001659386056466,0
fruitfly_714,4,0.72,0.0020320415496826,0.0002954006195068,1,0,1,0,0,0,0,0,0,1,0,0,0,0,0,0,0,0,0,0,0,0,1,0,0,0,0.2756570855879843,rbf,4,scale,0.0925230033839304,True,0.0009095087221107,0
fruitfly_714,4,0.72,0.0012462139129638,0.0002131462097167,1,0,1,0,0,0,0,0,0,0,0,1,0,0,0,0,0,0,0,0,0,0,1,0,0,0,0.6655478393096043,rbf,2,scale,-0.4391456089416836,False,0.0055816477425593,0
fruitfly_714,4,0.72,0.0017528533935546,0.000281810760498,1,0,0,0,1,0,0,0,0,1,0,0,0,0,0,0,0,0,0,0,0,0,1,0,0,0,0.1315406093858005,poly,2,scale,-0.032040098121843,True,0.0016514941147114,0
fruitfly_714,4,0.72,0.0012052059173583,0.0002064704895019,1,0,0,0,1,0,0,0,0,0,0,0,0,1,0,0,0,0,0,0,0,0,0,1,0,0,7.854553568510609,linear,4,scale,0.4039249762645414,True,0.0016594266466198,0
fruitfly_714,4,0.72,0.0011827945709228,0.0002098083496093,0,1,0,0,1,0,0,0,0,0,0,0,0,0,1,0,0,0,0,0,0,0,1,0,0,0,0.1789634927157723,sigmoid,2,auto,0.3014873116053688,True,0.0004157661888831,0
fruitfly_714,4,0.72,0.0012857913970947,0.0002219676971435,1,0,1,0,0,0,0,0,0,0,0,0,0,0,1,0,0,0,0,0,0,0,0,0,0,1,1.704309736093096,rbf,3,scale,0.2343872424598803,True,0.0001167397767288,0
fruitfly_714,4,0.72,0.0013020038604736,0.0002171993255615,1,0,0,1,0,0,0,0,0,0,0,0,0,0,1,0,0,0,0,0,0,0,1,0,0,0,2.574378348908326,rbf,4,scale,0.0196660477189697,True,0.0014735739731764,0
fruitfly_714,4,0.72,0.0019538402557373,0.0004193782806396,1,0,0,0,1,0,0,0,0,0,0,0,1,0,0,0,0,0,0,0,0,0,0,0,0,1,0.4008405772385468,sigmoid,3,scale,0.0322885318416549,True,0.0005644049895555,0
fruitfly_714,4,0.72,0.0019898414611816,0.0004165172576904,1,0,1,0,0,0,0,0,0,0,0,0,1,0,0,0,0,0,0,0,0,0,0,0,0,1,2.3887363832115205,poly,2,auto,-0.3729139066775855,True,0.0074238112777815,0
fruitfly_714,4,0.72,0.0014481544494628,0.0002641677856445,1,0,0,0,1,0,0,0,0,0,0,1,0,0,0,0,0,0,0,0,0,0,0,1,0,0,2.403419802958411,linear,4,scale,-0.1070002025419812,True,0.0003052552179454,0
analcatdata_draft_984,0,0.972972972972973,0.0018303394317626,0.0003144741058349,0,1,1,0,0,0,0,0,0,0,0,0,0,0,0,0,0,1,0,0,1,0,0,0,0,0,1.6073408269289693,rbf,4,scale,-0.0944635489001975,True,0.0001202513969164,0
analcatdata_draft_984,0,0.972972972972973,0.0024487972259521,0.0004754066467285,0,1,1,0,0,0,0,0,0,0,0,0,0,0,0,0,0,0,1,0,1,0,0,0,0,0,0.6956933703378806,poly,4,auto,-0.0517597032187143,True,0.0083529237750967,0
analcatdata_draft_984,0,0.972972972972973,0.0044906139373779,0.0015292167663574,0,1,1,0,0,0,0,0,0,0,0,1,0,0,0,0,0,0,0,0,1,0,0,0,0,0,0.1770164987414169,sigmoid,2,scale,0.1955232064727716,False,0.0024790187491893,0
analcatdata_draft_984,0,0.972972972972973,0.0039119720458984,0.0006022453308105,0,1,0,0,1,0,0,0,0,1,0,0,0,0,0,0,0,0,0,0,0,0,0,1,0,0,1.6037491581506615,sigmoid,3,auto,0.0107821582364122,False,0.0002988287802744,0
analcatdata_draft_984,0,0.972972972972973,0.0028388500213623,0.0005104541778564,0,1,1,0,0,0,0,0,0,0,0,0,0,0,1,0,0,0,0,0,1,0,0,0,0,0,0.1299550829892813,linear,3,0.2651994095486351,0.3514168806738246,False,0.0007278381836357,0
analcatdata_draft_984,0,0.972972972972973,0.0025949478149414,0.0004539489746093,0,1,0,1,0,0,0,0,0,0,0,0,0,0,1,0,0,0,0,0,0,0,0,0,1,0,0.2269505760261218,sigmoid,3,scale,0.2342017553098211,True,0.007118031853581,0
analcatdata_draft_984,0,0.972972972972973,0.0027191638946533,0.000450849533081,0,1,0,1,0,0,0,0,0,0,0,0,0,0,0,0,0,0,1,0,0,0,0,0,1,0,5.285683612421127,rbf,4,auto,-0.0138166661663768,False,0.0006191519600325,0
analcatdata_draft_984,0,0.972972972972973,0.0018343925476074,0.0003132820129394,0,1,0,1,0,0,0,0,0,0,0,0,0,0,0,0,0,1,0,0,0,0,0,0,1,0,0.1243863338696983,linear,2,scale,-0.060372535588739,False,0.0024711555627957,0
analcatdata_draft_984,0,0.972972972972973,0.0031337738037109,0.0004663467407226,0,1,0,1,0,0,0,0,0,0,0,0,0,1,0,0,0,0,0,0,0,0,0,0,1,0,0.3814544697658021,sigmoid,2,scale,-0.0677178744859914,False,0.0001754230149073,0
analcatdata_draft_984,0,0.972972972972973,0.0027127265930175,0.0003836154937744,0,1,0,1,0,0,0,1,0,0,0,0,0,0,0,0,0,0,0,0,0,0,0,0,1,0,0.8767735862788547,linear,2,scale,0.4537960575082044,False,0.0005006561566874,0
analcatdata_draft_984,0,0.972972972972973,0.0042407512664794,0.0011041164398193,0,1,0,1,0,0,0,0,0,0,0,0,1,0,0,0,0,0,0,0,0,0,0,0,1,0,1.8892637959291811,linear,2,scale,-0.1233133134909764,True,0.0003784781043399,0
analcatdata_draft_984,0,0.972972972972973,0.0038249492645263,0.0009989738464355,0,1,0,1,0,0,0,0,0,0,0,0,0,0,0,0,1,0,0,0,0,0,0,0,1,0,7.21397572065674,poly,4,scale,0.6410023173933881,False,0.0003920201622553,0
analcatdata_draft_984,0,0.972972972972973,0.0018668174743652,0.0003280639648437,0,1,0,1,0,0,0,0,1,0,0,0,0,0,0,0,0,0,0,0,0,0,0,0,1,0,5.34423444931505,rbf,5,scale,0.1655009955695439,True,0.0006481915489321,0
analcatdata_draft_984,0,0.972972972972973,0.0038816928863525,0.000603437423706,0,1,0,1,0,0,0,0,0,0,0,1,0,0,0,0,0,0,0,0,0,1,0,0,0,0,1.047127371617616,sigmoid,2,auto,0.056048398541621,True,0.0070985452872883,0
analcatdata_draft_984,0,0.972972972972973,0.0029287338256835,0.0004889965057373,0,1,0,1,0,1,0,0,0,0,0,0,0,0,0,0,0,0,0,0,0,0,0,0,1,0,1.31403973940268,poly,2,0.21739546219167794,-0.5465401286173601,False,0.0005851980259593,0
analcatdata_draft_984,0,0.972972972972973,0.0019094944000244,0.0003178119659423,0,1,0,1,0,0,0,0,0,0,1,0,0,0,0,0,0,0,0,0,0,0,0,0,1,0,3.0490459225748503,poly,4,auto,-0.4350395003327958,False,0.0001734326764285,0
analcatdata_draft_984,0,0.972972972972973,0.0343244075775146,0.0062606334686279,0,1,0,1,0,0,0,0,0,0,0,0,0,0,0,1,0,0,0,0,0,0,0,0,1,0,1.0805636825554097,linear,2,scale,0.3202831721258509,True,0.0045416067878103,0
analcatdata_draft_984,0,0.972972972972973,0.004725694656372,0.0010783672332763,0,1,0,1,0,0,0,0,0,0,0,0,0,0,0,0,1,0,0,1,0,0,0,0,0,0,3.075604610493816,rbf,3,scale,-0.1714987595263471,True,0.0007309124735415,0
analcatdata_draft_984,0,0.972972972972973,0.0018162727355957,0.0003113746643066,0,1,0,1,0,0,0,0,1,0,0,0,0,0,0,0,0,0,0,1,0,0,0,0,0,0,4.408061945102909,rbf,2,scale,0.0207441853989196,False,0.0082227253726408,0
analcatdata_draft_984,0,0.972972972972973,0.0028438568115234,0.0004417896270751,0,1,0,1,0,0,0,0,0,0,0,0,0,0,1,0,0,0,0,1,0,0,0,0,0,0,0.4834112607476475,rbf,5,0.33024863357500533,-0.0798153191539216,True,0.0001548140773441,0
fri_c0_1000_50_904,0,0.94,0.0080549716949462,0.0021617412567138,1,0,1,0,0,1,0,0,0,0,0,0,0,0,0,0,0,0,0,0,0,0,0,1,0,0,0.2207517068630545,poly,3,scale,0.3326130345736505,False,0.000580021401259,0
fri_c0_1000_50_904,0,0.94,0.0072329044342041,0.0019557476043701,1,0,0,1,0,1,0,0,0,0,0,0,0,0,0,0,0,0,0,0,0,0,0,1,0,0,0.4071470339411169,poly,3,scale,-0.1745316291273008,False,0.0008109457960286,0
fri_c0_1000_50_904,0,0.94,0.0080516338348388,0.0021395683288574,0,1,0,0,1,1,0,0,0,0,0,0,0,0,0,0,0,0,0,0,0,0,0,1,0,0,0.5935196166704771,sigmoid,3,auto,0.4368314397776132,True,0.0021732107682297,0
fri_c0_1000_50_904,0,0.94,0.0076019763946533,0.0020816326141357,0,1,0,1,0,1,0,0,0,0,0,0,0,0,0,0,0,0,0,0,0,0,0,1,0,0,7.247589727521924,sigmoid,4,0.11430838249314237,0.2477650648643691,True,0.0001121438905678,0
fri_c0_1000_50_904,0,0.94,0.0076220035552978,0.0020215511322021,0,1,1,0,0,1,0,0,0,0,0,0,0,0,0,0,0,0,0,0,0,0,0,1,0,0,0.1341020152414222,rbf,3,0.057110725067938295,-0.1152391444141201,False,0.0042221010264166,0
fri_c0_1000_50_904,0,0.94,0.0075640678405761,0.0020394325256347,1,0,0,0,1,1,0,0,0,0,0,0,0,0,0,0,0,0,0,0,0,0,0,1,0,0,4.918366395898891,rbf,2,scale,0.0067584725063328,True,0.0005277758329066,0
fri_c0_1000_50_904,0,0.935,0.0074801445007324,0.0021722316741943,1,0,0,0,1,1,0,0,0,0,0,0,0,0,0,0,0,0,0,0,1,0,0,0,0,0,1.1491950729710576,poly,5,0.02206612745750766,0.3696432039962943,False,0.0090750757025969,0
fri_c0_1000_50_904,0,0.935,0.0072395801544189,0.0019969940185546,1,0,0,1,0,1,0,0,0,0,0,0,0,0,0,0,0,0,0,0,1,0,0,0,0,0,0.1616593086822063,sigmoid,3,auto,-0.1171810398994791,False,0.0003103115990173,0
fri_c0_1000_50_904,0,0.935,0.0075230598449707,0.0019948482513427,1,0,0,0,1,1,0,0,0,0,0,0,0,0,0,0,0,0,0,0,0,0,0,0,0,1,0.261957893099754,rbf,5,scale,0.0374356503268127,True,0.0003508973775364,0
fri_c0_1000_50_904,0,0.935,0.0074658393859863,0.0020313262939453,0,1,0,0,1,1,0,0,0,0,0,0,0,0,0,0,0,0,0,0,0,0,0,0,0,1,0.3592756643278865,sigmoid,2,scale,0.221738959887794,True,0.0026455274600856,0
fri_c0_1000_50_904,0,0.935,0.0076634883880615,0.0020234584808349,0,1,0,0,1,1,0,0,0,0,0,0,0,0,0,0,0,0,0,0,0,0,0,0,1,0,0.7258647030901038,poly,4,scale,-0.1500983500463693,True,0.0084756314491386,0
fri_c0_1000_50_904,0,0.935,0.0073704719543457,0.0020081996917724,0,1,0,0,1,1,0,0,0,0,0,0,0,0,0,0,0,0,0,0,1,0,0,0,0,0,9.031495253880184,rbf,3,0.027606171822405105,0.2984465164096986,False,0.0018538282641846,0
fri_c0_1000_50_904,0,0.935,0.0071413516998291,0.0020132064819335,1,0,1,0,0,1,0,0,0,0,0,0,0,0,0,0,0,0,0,0,0,0,1,0,0,0,0.1551829547529521,rbf,3,0.5666270975392582,0.2269795460106206,True,0.0018883594296441,0
fri_c0_1000_50_904,0,0.935,0.0074129104614257,0.0020449161529541,0,1,1,0,0,1,0,0,0,0,0,0,0,0,0,0,0,0,0,0,0,0,1,0,0,0,0.1068582871161192,rbf,5,scale,0.2518712151758419,True,0.0094448864887652,0
fri_c0_1000_50_904,0,0.935,0.0075280666351318,0.0021255016326904,0,1,1,0,0,1,0,0,0,0,0,0,0,0,0,0,0,0,0,0,0,0,0,0,0,1,0.6821115056879461,linear,4,auto,0.1536914406387443,False,0.0001679451466984,0
fri_c0_1000_50_904,0,0.935,0.0074856281280517,0.0020935535430908,0,1,1,0,0,1,0,0,0,0,0,0,0,0,0,0,0,0,0,1,0,0,0,0,0,0,0.1051789850857434,rbf,3,scale,0.3807611762906518,False,0.0001490619471313,0
fri_c0_1000_50_904,0,0.935,0.0076522827148437,0.0021049976348876,0,1,0,0,1,1,0,0,0,0,0,0,0,0,0,0,0,0,0,1,0,0,0,0,0,0,0.1552350059151493,rbf,3,0.030790051486450563,-0.0482885129553213,True,0.0020637239895737,0
fri_c0_1000_50_904,0,0.935,0.0077731609344482,0.0022356510162353,1,0,0,0,1,1,0,0,0,0,0,0,0,0,0,0,0,0,0,1,0,0,0,0,0,0,0.5817143898340955,rbf,3,scale,0.0238261304051627,True,0.0001758430362028,0
fri_c0_1000_50_904,0,0.935,0.0074288845062255,0.0020139217376708,1,0,1,0,0,1,0,0,0,0,0,0,0,0,0,0,0,0,0,1,0,0,0,0,0,0,1.6552966814591237,poly,2,0.019780714477871893,0.2263825324035315,False,0.0001584924693042,0
fri_c0_1000_50_904,0,0.935,0.0076074600219726,0.0020594596862792,1,0,0,1,0,1,0,0,0,0,0,0,0,0,0,0,0,0,0,0,0,0,1,0,0,0,0.7474063407683577,sigmoid,2,0.09759010161121609,-0.197088105408125,True,0.0008930761490614,0
breast-w_15,0,0.9857142857142858,0.0023591518402099,0.0004963874816894,0,1,0,1,0,1,0,0,0,0,0,0,0,0,0,0,0,0,0,0,0,0,0,1,0,0,0.4843009469688126,rbf,4,auto,-0.3936574092384049,True,0.0083619416245639,0
breast-w_15,0,0.9857142857142858,0.0076160430908203,0.0023889541625976,0,1,0,1,0,0,0,0,0,0,0,0,0,0,0,0,1,0,0,0,0,0,0,1,0,0,2.4385256123400505,sigmoid,3,0.013927121033606412,0.1708194117648085,False,0.0020466625226233,0
breast-w_15,1,0.9857142857142858,0.0031118392944335,0.0007045269012451,0,1,0,0,1,0,0,0,0,0,0,0,0,0,1,0,0,0,0,0,0,0,0,1,0,0,1.058316422977832,rbf,2,auto,-0.5023900002437438,False,0.0002057622827018,0
breast-w_15,0,0.9857142857142858,0.0088093280792236,0.0017862319946289,0,1,0,0,1,0,0,0,0,0,0,0,1,0,0,0,0,0,0,0,0,0,0,1,0,0,0.20195880316909,rbf,2,scale,-0.0393081636156099,False,0.0007983056182685,0
breast-w_15,0,0.9857142857142858,0.0404698848724365,0.0093934535980224,0,1,0,1,0,0,0,0,0,0,0,0,0,0,0,1,0,0,0,0,0,0,0,1,0,0,0.66478491921987,sigmoid,3,scale,-0.0819742281033805,True,0.0017308460486731,0
breast-w_15,1,0.9857142857142858,0.0395386219024658,0.0089480876922607,0,1,0,1,0,0,0,0,0,0,0,0,0,0,0,1,0,0,0,0,0,0,0,1,0,0,7.699186935969029,sigmoid,4,scale,-0.2123522004502834,True,0.0035531887520833,0
breast-w_15,0,0.9857142857142858,0.0100507736206054,0.0019924640655517,0,1,0,1,0,0,0,0,0,0,0,0,1,0,0,0,0,0,0,0,0,0,0,1,0,0,1.2633090018809745,rbf,4,scale,0.5526126108022619,True,0.0040386768431925,0
breast-w_15,0,0.9857142857142858,0.0041124820709228,0.0008237361907958,0,1,0,1,0,0,0,0,0,1,0,0,0,0,0,0,0,0,0,0,0,0,1,0,0,0,0.422344695815405,linear,4,scale,0.3833918292063146,True,0.0006603530818858,0
breast-w_15,1,0.9857142857142858,0.0042681694030761,0.0008699893951416,0,1,0,1,0,0,0,0,0,1,0,0,0,0,0,0,0,0,0,0,0,0,1,0,0,0,0.3037384817187835,rbf,4,scale,-0.2494979582699382,True,0.0015495080177628,0
breast-w_15,1,0.9857142857142858,0.0030658245086669,0.000720739364624,0,1,0,1,0,0,0,0,0,0,0,0,0,0,1,0,0,0,0,0,0,0,0,1,0,0,0.3948316360971745,rbf,2,0.12188833109306486,0.0386871144439052,True,0.0006993378152281,0
breast-w_15,3,0.9857142857142858,0.0094554424285888,0.0009148120880126,0,1,1,0,0,0,0,0,0,1,0,0,0,0,0,0,0,0,0,0,0,0,0,0,1,0,3.893904023488017,sigmoid,4,0.06753414174687011,0.1161519287016322,True,0.0001513563881072,0
breast-w_15,1,0.9857142857142858,0.002375841140747,0.0004386901855468,0,1,0,0,1,0,0,1,0,0,0,0,0,0,0,0,0,0,0,0,1,0,0,0,0,0,1.4516629012745048,rbf,3,0.12138394465503889,0.0461617165140412,False,0.0004840728347878,0
breast-w_15,1,0.9857142857142858,0.0027844905853271,0.0005702972412109,0,1,0,0,1,1,0,0,0,0,0,0,0,0,0,0,0,0,0,0,1,0,0,0,0,0,0.2363506115508581,rbf,4,scale,-0.4137715820257118,True,0.0027561330938535,0
breast-w_15,1,0.9857142857142858,0.0353281497955322,0.0081927776336669,0,1,0,0,1,0,0,0,0,0,0,0,0,0,0,1,0,0,0,0,1,0,0,0,0,0,0.2265247917853885,rbf,3,auto,-0.0292831616557542,True,0.0003233749433764,0
breast-w_15,3,0.9857142857142858,0.0046980381011962,0.0011603832244873,0,1,0,0,1,0,0,0,0,0,0,0,0,0,1,0,0,0,0,0,0,0,1,0,0,0,0.2029674755329136,rbf,2,scale,-0.1988610395734447,True,0.0092679434964623,0
breast-w_15,0,0.9857142857142858,0.0070486068725585,0.0054683685302734,0,1,0,0,1,0,0,0,0,0,0,0,1,0,0,0,0,0,0,0,0,0,1,0,0,0,3.854640980534638,rbf,4,0.5814077030166499,0.0692990949385658,True,0.0006460741963598,0
breast-w_15,0,0.9857142857142858,0.0024240016937255,0.0004489421844482,0,1,0,0,1,0,0,0,0,0,0,0,0,0,0,0,0,0,1,0,0,0,1,0,0,0,3.762192254010302,rbf,4,auto,-0.1432592952187604,True,0.0001395902557323,0
breast-w_15,0,0.9857142857142858,0.0023784637451171,0.0005030632019042,0,1,1,0,0,1,0,0,0,0,0,0,0,0,0,0,0,0,0,0,0,0,0,1,0,0,0.3526133894111015,linear,4,scale,-0.4016341395728008,False,0.0007048276069356,0
breast-w_15,1,0.9857142857142858,0.0028491020202636,0.0005717277526855,0,1,1,0,0,1,0,0,0,0,0,0,0,0,0,0,0,0,0,0,0,0,0,0,0,1,0.4666135759081909,rbf,3,0.020121053321033523,-0.3380427567299568,True,0.0001868412734704,0
breast-w_15,0,0.9857142857142858,0.002791404724121,0.0005383491516113,0,1,0,0,1,0,0,0,0,0,0,0,0,1,0,0,0,0,0,0,0,0,1,0,0,0,3.83517473729472,linear,3,scale,0.3299168268261148,False,0.0089986160575423,0
chscase_census4_907,3,0.625,0.0034539699554443,0.0009562969207763,0,1,1,0,0,0,0,0,0,0,1,0,0,0,0,0,0,0,0,0,0,0,0,0,1,0,5.424795412192333,rbf,2,auto,0.1741785369241657,False,0.0038530516094408,0
chscase_census4_907,3,0.625,0.0038294792175292,0.0011525154113769,0,1,0,0,1,0,0,0,0,0,1,0,0,0,0,0,0,0,0,0,0,0,0,0,1,0,0.3051441409396567,rbf,3,auto,-0.155685821044236,True,0.0044150794341234,0
chscase_census4_907,3,0.625,0.0045912265777587,0.000929832458496,1,0,0,1,0,0,0,0,0,0,1,0,0,0,0,0,0,0,0,0,0,0,0,0,1,0,0.3319711114694633,linear,4,0.028030759915017904,-0.1460129875869172,True,0.0001186661963871,0
chscase_census4_907,3,0.625,0.0047962665557861,0.0009825229644775,1,0,0,0,1,0,0,0,0,0,1,0,0,0,0,0,0,0,0,0,0,0,0,0,1,0,0.5413447119293335,poly,4,scale,0.1974422059638822,True,0.0002375841366602,0
chscase_census4_907,3,0.625,0.0035879611968994,0.0011425018310546,1,0,1,0,0,0,0,0,0,0,1,0,0,0,0,0,0,0,0,0,0,0,0,0,1,0,3.994410848332245,poly,2,auto,0.0654102837340848,True,0.000557554349876,0
chscase_census4_907,3,0.625,0.0038318634033203,0.00087571144104,0,1,0,1,0,0,0,0,0,0,1,0,0,0,0,0,0,0,0,0,0,0,0,0,1,0,0.1369476696325853,poly,3,scale,-0.1223545198587087,False,0.0040008578260946,0
chscase_census4_907,0,0.6,0.0052418708801269,0.0012345314025878,1,0,1,0,0,0,0,0,0,0,0,0,0,1,0,0,0,0,0,0,1,0,0,0,0,0,4.800053898761061,sigmoid,4,scale,-0.0754220593604327,True,0.0018637263590268,0
chscase_census4_907,0,0.6,0.0037257671356201,0.0013089179992675,0,1,0,0,1,0,0,0,0,0,0,0,0,1,0,0,0,0,0,0,1,0,0,0,0,0,3.937912928852021,poly,3,auto,-0.2091401754529146,False,0.0005051803185261,0
chscase_census4_907,0,0.6,0.0042552947998046,0.0009891986846923,1,0,0,1,0,0,0,0,0,0,0,0,0,1,0,0,0,0,0,0,1,0,0,0,0,0,0.5802239373205693,rbf,3,0.19153850388597285,0.0230994481008334,False,0.0010043195373676,0
chscase_census4_907,0,0.6,0.0075428485870361,0.0016791820526123,1,0,0,1,0,0,0,0,0,1,0,0,0,0,0,0,0,0,0,0,1,0,0,0,0,0,0.3313676563075727,sigmoid,2,scale,0.8028334820261968,True,0.0051407576082031,0
chscase_census4_907,0,0.6,0.0061604976654052,0.0018105506896972,0,1,0,0,1,0,0,0,0,1,0,0,0,0,0,0,0,0,0,0,1,0,0,0,0,0,0.3673122621145223,rbf,2,scale,-0.2551601690252219,True,0.0057474045886312,0
chscase_census4_907,0,0.6,0.0060913562774658,0.0015718936920166,0,1,1,0,0,0,0,0,0,1,0,0,0,0,0,0,0,0,0,0,1,0,0,0,0,0,2.533947206786786,poly,2,scale,-0.0925788358903224,False,0.0002162246995975,0
chscase_census4_907,0,0.6,0.006514549255371,0.0015819072723388,1,0,0,0,1,0,0,0,0,1,0,0,0,0,0,0,0,0,0,0,1,0,0,0,0,0,1.384909528799095,poly,2,scale,-0.5016959265843506,False,0.0016576473451331,0
chscase_census4_907,0,0.6,0.0043652057647705,0.0013105869293212,1,0,0,0,1,0,0,0,0,0,0,0,0,1,0,0,0,0,0,0,1,0,0,0,0,0,0.984253538474978,linear,3,0.0183358337534786,0.047687256112762,True,0.0020283759990698,0
chscase_census4_907,0,0.6,0.0036873817443847,0.0010411739349365,0,1,1,0,0,0,0,0,0,0,0,0,0,1,0,0,0,0,0,0,1,0,0,0,0,0,3.209644276580548,linear,2,auto,-0.3568353017858475,True,0.0001516211569383,0
chscase_census4_907,0,0.6,0.0059177875518798,0.0015730857849121,0,1,0,1,0,0,0,0,0,1,0,0,0,0,0,0,0,0,0,0,1,0,0,0,0,0,0.4482955213051912,rbf,3,scale,-0.4100301613752601,False,0.0001504862933931,0
chscase_census4_907,0,0.6,0.0043263435363769,0.0011858940124511,0,1,0,1,0,0,0,0,0,0,0,0,0,1,0,0,0,0,0,0,1,0,0,0,0,0,2.779969110974997,sigmoid,3,auto,-0.5120999566476135,False,0.0031502672415113,0
chscase_census4_907,0,0.6,0.0068597793579101,0.0016393661499023,1,0,1,0,0,0,0,0,0,1,0,0,0,0,0,0,0,0,0,0,1,0,0,0,0,0,1.3800401958491602,rbf,4,scale,0.2364344321614807,True,0.0006100418759746,0
chscase_census4_907,1,0.5875,0.0035958290100097,0.0010313987731933,1,0,0,0,1,1,0,0,0,0,0,0,0,0,0,0,0,0,0,0,0,0,0,1,0,0,0.1577924242849708,poly,4,scale,-0.1690164106283013,True,0.0007113606270483,0
chscase_census4_907,1,0.5875,0.0034713745117187,0.0009503364562988,1,0,0,1,0,1,0,0,0,0,0,0,0,0,0,0,0,0,0,0,0,0,0,1,0,0,6.929323663775189,sigmoid,3,0.40372345631298084,-0.4562088488977406,True,0.0026123093072104,0
autoUniv-au1-1000_1547,3,0.835,0.0130460262298583,0.0033442974090576,0,1,1,0,0,0,0,0,0,0,1,0,0,0,0,0,0,0,0,0,0,0,0,0,0,1,4.32647322293509,linear,4,auto,-0.0574888942230035,True,0.0068099810740312,0
autoUniv-au1-1000_1547,3,0.835,0.0121605396270751,0.003350019454956,0,1,0,0,1,0,0,0,0,0,1,0,0,0,0,0,0,0,0,0,0,0,0,1,0,0,0.2102309722515481,rbf,3,scale,-0.204446532002046,True,0.0005714843484178,0
autoUniv-au1-1000_1547,3,0.835,0.0118396282196044,0.0032565593719482,0,1,0,1,0,0,0,0,0,0,1,0,0,0,0,0,0,0,0,0,1,0,0,0,0,0,0.1520325688255082,sigmoid,3,auto,-0.0679793762901921,False,0.0035052672413073,0
autoUniv-au1-1000_1547,3,0.835,0.0131430625915527,0.0035152435302734,0,1,0,0,1,0,0,0,0,0,1,0,0,0,0,0,0,0,0,0,0,0,0,0,0,1,0.3723641789846478,sigmoid,3,auto,0.2211474396591087,True,0.0002919969465181,0
autoUniv-au1-1000_1547,3,0.835,0.0118048191070556,0.0033197402954101,1,0,0,1,0,0,0,0,0,0,1,0,0,0,0,0,0,0,0,0,0,0,0,1,0,0,0.1199338544465472,sigmoid,2,scale,0.3012608419746633,True,0.0006703946011333,0
autoUniv-au1-1000_1547,3,0.835,0.012653112411499,0.0033140182495117,1,0,1,0,0,0,0,0,0,0,1,0,0,0,0,0,0,0,0,0,0,0,0,0,0,1,6.209738188592348,linear,3,0.03588877014306392,-0.0771504929310941,True,0.0001258399640657,0
autoUniv-au1-1000_1547,3,0.835,0.01322603225708,0.0034005641937255,1,0,1,0,0,0,0,0,0,0,1,0,0,0,0,0,0,0,0,0,0,0,1,0,0,0,3.3784400622870834,sigmoid,5,scale,-0.0449130734374624,False,0.0064862673534622,0
autoUniv-au1-1000_1547,3,0.835,0.0115995407104492,0.0031418800354003,1,0,0,0,1,0,0,0,0,0,1,0,0,0,0,0,0,0,0,0,1,0,0,0,0,0,6.895098925508355,poly,4,scale,0.0036915044982416,True,0.0098597783370343,0
autoUniv-au1-1000_1547,3,0.835,0.0120596885681152,0.0032446384429931,0,1,0,0,1,0,0,0,0,0,1,0,0,0,0,0,0,0,0,0,1,0,0,0,0,0,0.3224939014986317,linear,3,auto,-0.0652547138476485,False,0.002743646746662,0
autoUniv-au1-1000_1547,3,0.835,0.013012409210205,0.0035583972930908,0,1,0,0,1,0,0,0,0,0,1,0,0,0,0,0,0,0,0,0,0,0,1,0,0,0,0.1242920021674375,sigmoid,2,scale,0.003143839951118,False,0.0075432769579458,0
autoUniv-au1-1000_1547,3,0.835,0.0115928649902343,0.0032272338867187,1,0,0,1,0,0,0,0,0,0,1,0,0,0,0,0,0,0,0,1,0,0,0,0,0,0,0.1697327408109532,sigmoid,2,auto,-0.1067121778434336,True,0.0005234607824063,0
autoUniv-au1-1000_1547,3,0.835,0.01239013671875,0.0033826828002929,1,0,0,0,1,0,0,0,0,0,1,0,0,0,0,0,0,0,0,1,0,0,0,0,0,0,0.1677611805912874,linear,2,scale,0.0432631948190334,True,0.0025430009162353,0
autoUniv-au1-1000_1547,3,0.835,0.011775255203247,0.0031661987304687,1,0,1,0,0,0,0,0,0,0,1,0,0,0,0,0,0,0,0,0,1,0,0,0,0,0,0.1057397363683043,poly,2,scale,-0.3177471621377942,True,0.0001276719494402,0
autoUniv-au1-1000_1547,3,0.835,0.0121948719024658,0.003303050994873,0,1,0,0,1,0,0,0,0,0,1,0,0,0,0,0,0,0,0,1,0,0,0,0,0,0,0.2001470050077318,rbf,3,scale,-0.1409682252632969,False,0.0009204129477717,0
autoUniv-au1-1000_1547,3,0.835,0.0134449005126953,0.0034503936767578,1,0,0,1,0,0,0,0,0,0,1,0,0,0,0,0,0,0,0,0,0,0,0,0,0,1,0.3176899859698802,sigmoid,2,auto,0.0843179760275843,True,0.0041543238418791,0
autoUniv-au1-1000_1547,3,0.835,0.01326584815979,0.0033698081970214,0,1,0,1,0,0,0,0,0,0,1,0,0,0,0,0,0,0,0,0,0,0,1,0,0,0,1.4787619014435698,rbf,4,auto,0.2216045147570031,True,0.000125921958939,0
autoUniv-au1-1000_1547,3,0.835,0.0132920742034912,0.0033996105194091,1,0,0,0,1,0,0,0,0,0,1,0,0,0,0,0,0,0,0,0,0,0,0,0,0,1,9.53864374793642,poly,3,scale,0.4183352015687522,False,0.0002259094567768,0
autoUniv-au1-1000_1547,3,0.835,0.0131711959838867,0.0033416748046875,1,0,0,0,1,0,0,0,0,0,1,0,0,0,0,0,0,0,0,0,0,0,1,0,0,0,5.619668535801333,rbf,3,scale,0.386455407460655,True,0.0003976292349139,0
autoUniv-au1-1000_1547,3,0.835,0.0141620635986328,0.0035140514373779,0,1,0,1,0,0,0,0,0,0,1,0,0,0,0,0,0,0,0,0,0,0,0,0,0,1,0.3601297040917479,linear,4,0.01950473607309005,0.4839948015121628,False,0.0056985683947211,0
autoUniv-au1-1000_1547,3,0.835,0.0137655735015869,0.0036654472351074,1,0,0,1,0,0,0,0,0,0,1,0,0,0,0,0,0,0,0,0,0,0,1,0,0,0,7.209438317463253,poly,3,0.01722133886489972,0.3325496719885124,False,0.0001194274665522,0
blogger_1463,3,0.95,0.0033082962036132,0.0005137920379638,1,0,0,0,1,0,0,0,0,0,0,0,0,0,0,1,0,0,0,0,0,0,1,0,0,0,6.8500200380934535,sigmoid,4,scale,0.4054827492548866,True,0.0006415596830793,0
blogger_1463,1,0.95,0.0012538433074951,0.0001840591430664,1,0,0,1,0,1,0,0,0,0,0,0,0,0,0,0,0,0,0,0,0,0,0,0,0,1,1.6799186776550394,poly,3,scale,0.2391377077466725,True,0.000183684615621,0
blogger_1463,3,0.95,0.0014548301696777,0.0002639293670654,0,1,0,0,1,0,0,0,0,0,0,0,0,0,0,0,1,0,0,0,0,0,0,0,0,1,2.6396108857412144,poly,4,auto,0.5149131926918273,True,0.0001027536268448,0
blogger_1463,3,0.95,0.0015013217926025,0.0002658367156982,1,0,0,0,1,0,0,0,0,0,0,0,0,0,0,0,1,0,0,0,0,0,1,0,0,0,0.1910543266375736,rbf,3,auto,0.0387646153663722,True,0.0016325834382127,0
blogger_1463,3,0.95,0.0012545585632324,0.0002853870391845,0,1,0,0,1,0,0,0,0,0,0,0,0,0,0,0,1,0,0,0,0,0,1,0,0,0,1.928374460728062,poly,2,scale,0.4186981381114559,False,0.0019045485966248,0
blogger_1463,1,0.95,0.0011804103851318,0.0001800060272216,0,1,0,1,0,1,0,0,0,0,0,0,0,0,0,0,0,0,0,0,0,0,1,0,0,0,5.871570323947421,linear,2,scale,0.1295161942603243,True,0.0083044701329014,0
blogger_1463,1,0.95,0.0012838840484619,0.0001816749572753,1,0,0,1,0,1,0,0,0,0,0,0,0,0,0,0,0,0,0,0,0,0,1,0,0,0,0.6489871417444784,rbf,3,scale,0.0364368656672557,True,0.0014922777980058,0
blogger_1463,1,0.95,0.001244306564331,0.0002069473266601,0,1,0,1,0,1,0,0,0,0,0,0,0,0,0,0,0,0,0,0,0,0,0,0,0,1,0.7170713357070286,linear,4,auto,0.1310374429077554,True,0.0020960100224424,0
blogger_1463,3,0.95,0.0033209323883056,0.0004858970642089,0,1,0,0,1,0,0,0,0,0,0,0,0,0,0,1,0,0,0,0,0,0,1,0,0,0,0.1067559799470803,poly,3,scale,0.4833332472876847,True,0.0015642040712027,0
blogger_1463,3,0.95,0.0014188289642333,0.0002591609954833,1,0,0,0,1,0,0,0,0,0,0,0,0,0,0,0,1,0,0,0,0,0,0,0,0,1,4.292669189127394,poly,2,auto,-0.1127603456752463,True,0.0004811847191212,0
blogger_1463,3,0.9,0.0034918785095214,0.0005300045013427,0,1,0,0,1,0,0,0,0,0,0,0,0,0,0,1,0,0,0,0,0,0,0,0,0,1,1.6084223603870815,rbf,2,0.8049210974422651,0.3123094178454929,True,0.0001860348420052,0
blogger_1463,3,0.9,0.0033493041992187,0.000521183013916,0,1,0,0,1,0,0,0,0,0,0,0,0,0,0,1,0,0,0,1,0,0,0,0,0,0,4.322592732439468,linear,2,scale,-0.0281911920532349,True,0.0002246850529974,0
blogger_1463,3,0.9,0.0015366077423095,0.0002634525299072,1,0,0,0,1,0,0,0,0,0,0,0,0,0,0,0,1,0,0,0,1,0,0,0,0,0,0.4228014711534305,rbf,3,scale,-0.2887436740437292,True,0.0063617354556569,0
blogger_1463,1,0.9,0.0011594295501708,0.0002195835113525,1,0,0,1,0,0,0,0,0,0,0,0,0,1,0,0,0,0,0,0,1,0,0,0,0,0,0.2370179623888203,rbf,2,scale,-0.2447914001900661,True,0.0010586742663542,0
blogger_1463,3,0.9,0.0037908554077148,0.0006332397460937,1,0,0,0,1,0,0,0,0,0,0,0,0,0,0,1,0,0,0,0,0,1,0,0,0,0,3.788467496573391,rbf,2,scale,0.0896283682289025,False,0.003365091198331,0
blogger_1463,3,0.9,0.0032744407653808,0.000500202178955,1,0,0,0,1,0,0,0,0,0,0,0,0,0,0,1,0,0,0,1,0,0,0,0,0,0,0.8358249818722918,poly,3,scale,0.1820514702572433,True,0.0003490179800743,0
blogger_1463,1,0.9,0.0016400814056396,0.0002374649047851,1,0,0,1,0,0,0,0,0,1,0,0,0,0,0,0,0,0,0,0,1,0,0,0,0,0,0.7546965673980573,linear,2,scale,-0.1463099114227186,True,0.0076497799987142,0
blogger_1463,3,0.9,0.0011963844299316,0.0001881122589111,1,0,0,1,0,0,0,0,0,0,0,0,0,1,0,0,0,0,0,0,0,0,0,0,0,1,7.49796228582457,linear,3,scale,-0.3561750235585205,True,0.0020268154271176,0
blogger_1463,1,0.9,0.0011975765228271,0.0001883506774902,1,0,0,1,0,0,0,0,0,0,0,0,0,1,0,0,0,0,0,0,0,0,0,0,0,1,2.10064232326533,linear,4,scale,0.0649254601670692,False,0.0074387730784706,0
blogger_1463,3,0.9,0.0014257431030273,0.0002202987670898,0,1,0,1,0,0,0,0,0,0,0,1,0,0,0,0,0,0,0,0,1,0,0,0,0,0,1.2654943620282724,rbf,3,scale,0.0580522064827843,True,0.0002988093970433,0
analcatdata_reviewer_1008,4,0.7333333333333333,0.0042130947113037,0.0010833740234375,0,1,0,1,0,0,1,0,0,0,0,0,0,0,0,0,0,0,0,0,0,0,0,1,0,0,2.3512802029288618,poly,4,auto,0.4088826212400962,True,0.0002464330870633,0
analcatdata_reviewer_1008,4,0.7333333333333333,0.0045232772827148,0.0011355876922607,0,1,0,1,0,0,1,0,0,0,0,0,0,0,0,0,0,0,0,1,0,0,0,0,0,0,0.5165814712296181,rbf,4,0.02927518688695041,-0.2113233179421459,True,0.000595619383298,0
analcatdata_reviewer_1008,4,0.7333333333333333,0.0042593479156494,0.001077651977539,1,0,0,1,0,0,1,0,0,0,0,0,0,0,0,0,0,0,0,1,0,0,0,0,0,0,0.8859099667184345,poly,3,auto,-0.0262565169542204,False,0.0080095058872083,0
analcatdata_reviewer_1008,4,0.7333333333333333,0.0041100978851318,0.0010335445404052,1,0,0,1,0,0,1,0,0,0,0,0,0,0,0,0,0,0,0,0,0,0,0,1,0,0,0.2577800468361528,rbf,3,auto,0.2267336002082227,True,0.0033741280751112,0
analcatdata_reviewer_1008,4,0.7333333333333333,0.0042097568511962,0.0010910034179687,0,1,0,1,0,0,1,0,0,0,0,0,0,0,0,0,0,0,0,0,1,0,0,0,0,0,3.446479472297617,poly,4,scale,0.4954579180317938,True,0.0042418044104595,0
analcatdata_reviewer_1008,4,0.7333333333333333,0.0042929649353027,0.0017313957214355,1,0,0,1,0,0,1,0,0,0,0,0,0,0,0,0,0,0,0,0,1,0,0,0,0,0,0.2861615321082336,sigmoid,2,scale,0.1393362183985748,False,0.0076337278856325,0
analcatdata_reviewer_1008,4,0.72,0.0065324306488037,0.0025255680084228,1,0,0,1,0,0,0,0,0,0,0,0,0,0,0,0,1,0,0,0,0,1,0,0,0,0,1.6567216415556962,rbf,3,scale,-0.2260197647838316,False,0.0003260411270626,0
analcatdata_reviewer_1008,4,0.72,0.0078425407409667,0.0025694370269775,0,1,0,0,1,0,0,0,0,0,0,0,1,0,0,0,0,0,0,0,0,0,1,0,0,0,2.4039750381102345,poly,4,auto,-0.5852016844055942,True,0.007630368613167,0
analcatdata_reviewer_1008,4,0.72,0.004185676574707,0.0010828971862792,1,0,0,1,0,0,1,0,0,0,0,0,0,0,0,0,0,0,0,0,0,0,1,0,0,0,1.4049916787581629,sigmoid,2,auto,-0.4188978046550212,True,0.0013775651122104,0
analcatdata_reviewer_1008,4,0.72,0.0043878555297851,0.0011448860168457,0,1,0,1,0,0,1,0,0,0,0,0,0,0,0,0,0,0,0,0,0,0,1,0,0,0,0.4969277776985052,linear,2,auto,-0.459708487541272,True,0.0038130424469191,0
analcatdata_reviewer_1008,4,0.72,0.0050842761993408,0.0015983581542968,0,1,0,1,0,0,0,0,0,0,0,0,0,0,0,0,1,0,0,0,0,1,0,0,0,0,6.564441446727802,sigmoid,2,auto,0.0904010643637977,False,0.0059410391249386,0
analcatdata_reviewer_1008,0,0.7105263157894737,0.0032486915588378,0.0008800029754638,0,1,0,0,1,0,0,1,0,0,0,0,0,0,0,0,0,0,0,0,1,0,0,0,0,0,8.056174303451183,linear,2,0.3563022070204266,-0.199465508381716,True,0.0007181820131071,0
analcatdata_reviewer_1008,2,0.7105263157894737,0.0106644630432128,0.0042886734008789,0,1,0,1,0,0,0,0,0,0,0,0,0,0,0,0,1,0,0,0,0,1,0,0,0,0,4.474916040006537,rbf,3,auto,-0.0377586084227767,False,0.0002586130951639,0
analcatdata_reviewer_1008,0,0.7105263157894737,0.0035920143127441,0.0009584426879882,0,1,0,0,1,0,0,1,0,0,0,0,0,0,0,0,0,0,0,1,0,0,0,0,0,0,3.758867298325786,rbf,3,0.37654629339106127,0.2768795594268676,True,0.0017648627702769,0
analcatdata_reviewer_1008,2,0.7105263157894737,0.0066285133361816,0.0019364356994628,1,0,0,1,0,0,0,0,0,0,0,0,0,0,0,0,1,0,0,0,0,1,0,0,0,0,0.9308186842011966,rbf,3,auto,-0.1532987339448537,False,0.0001360641139031,0
analcatdata_reviewer_1008,4,0.7066666666666667,0.0073451995849609,0.0024616718292236,0,1,0,0,1,0,0,0,0,0,0,0,1,0,0,0,0,0,0,0,1,0,0,0,0,0,0.2851758985689065,rbf,2,scale,0.3287616872027167,False,0.0021265355970937,0
analcatdata_reviewer_1008,4,0.7066666666666667,0.0038716793060302,0.0010383129119873,0,1,0,0,1,0,0,0,0,0,0,0,0,0,1,0,0,0,0,0,0,0,0,1,0,0,0.1105597269465989,linear,2,scale,0.0450217890365658,True,0.0037408999541261,0
analcatdata_reviewer_1008,4,0.7066666666666667,0.0332028865814209,0.0074489116668701,0,1,0,0,1,0,0,0,0,0,0,0,0,0,0,1,0,0,0,0,0,0,1,0,0,0,4.701869104120266,poly,3,auto,0.1019747183184701,True,0.0045509699536365,0
analcatdata_reviewer_1008,4,0.7066666666666667,0.0072219371795654,0.0024013519287109,0,1,0,0,1,0,0,0,0,0,0,0,1,0,0,0,0,0,0,0,0,0,0,0,0,1,3.120615935148222,poly,3,0.1489438738103128,0.3309422737707883,True,0.0007030872632874,0
analcatdata_reviewer_1008,2,0.6973684210526315,0.0041453838348388,0.0011656284332275,0,1,0,1,0,0,0,0,0,0,0,0,0,1,0,0,0,0,0,0,0,0,1,0,0,0,0.4384779975755311,linear,4,auto,-0.2864651494431499,True,0.0002084220720802,0
chscase_whale_939,3,1.0,0.0010807514190673,0.0001623630523681,0,1,0,0,1,0,0,0,0,0,0,0,0,0,0,0,0,1,0,0,0,0,0,1,0,0,0.5745972172663276,rbf,4,auto,0.252706808925809,True,0.0001962222342096,0
chscase_whale_939,3,1.0,0.0011429786682128,0.0001611709594726,0,1,1,0,0,0,0,0,0,0,0,0,0,0,0,0,0,1,0,0,1,0,0,0,0,0,0.2617348096119098,poly,2,auto,-0.0157105857645693,True,0.0004288856617726,0
chscase_whale_939,1,1.0,0.0025842189788818,0.0005404949188232,0,1,0,0,1,0,0,0,0,0,0,0,1,0,0,0,0,0,0,0,0,0,0,1,0,0,1.6986527612957925,sigmoid,3,0.9188218434936832,0.0209865813802002,False,0.0053696768303333,0
chscase_whale_939,2,1.0,0.002413272857666,0.0004940032958984,0,1,0,0,1,0,0,0,0,0,0,0,1,0,0,0,0,0,0,0,0,0,0,1,0,0,0.5660111607687961,rbf,2,auto,-0.554390240996779,True,0.0067082844808672,0
chscase_whale_939,3,1.0,0.0022437572479248,0.0004169940948486,0,1,0,0,1,0,0,0,0,0,0,0,1,0,0,0,0,0,0,0,0,0,0,1,0,0,0.5929311565561952,rbf,2,auto,-0.0217614358442517,True,0.0004187026220032,0
chscase_whale_939,1,1.0,0.0012600421905517,0.0001664161682128,0,1,0,0,1,0,0,1,0,0,0,0,0,0,0,0,0,0,0,0,0,0,0,1,0,0,0.7256738156698138,linear,4,auto,0.3060482437773269,True,0.0040605490323254,0
chscase_whale_939,2,1.0,0.0013139247894287,0.0001626014709472,0,1,0,0,1,0,0,1,0,0,0,0,0,0,0,0,0,0,0,0,0,0,0,1,0,0,2.2369834087268687,poly,2,auto,-0.0137235768768073,True,0.0006679608213388,0
chscase_whale_939,3,1.0,0.001279592514038,0.0001664161682128,0,1,0,0,1,0,0,1,0,0,0,0,0,0,0,0,0,0,0,0,0,0,0,1,0,0,3.96952143627532,poly,4,0.3638962142027852,0.2512525702353487,True,0.000405151702215,0
chscase_whale_939,1,1.0,0.0015821456909179,0.0002989768981933,0,1,0,0,1,0,0,0,0,0,0,0,0,0,1,0,0,0,0,0,0,0,0,1,0,0,0.3131137903144265,poly,2,scale,0.1990292348802327,True,0.0033164589267141,0
chscase_whale_939,1,1.0,0.0150902271270751,0.0026540756225585,0,1,1,0,0,0,0,0,0,0,0,0,0,0,0,1,0,0,0,0,1,0,0,0,0,0,0.2655288967570383,poly,2,scale,0.065316998963266,False,0.0004875181737254,0
chscase_whale_939,1,1.0,0.0158874988555908,0.0033693313598632,0,1,0,0,1,0,0,0,0,0,0,0,0,0,0,1,0,0,0,0,0,0,0,1,0,0,0.6654460319166942,poly,2,scale,0.1527134502471681,True,0.0002329508658164,0
chscase_whale_939,2,1.0,0.016047716140747,0.0031194686889648,0,1,0,0,1,0,0,0,0,0,0,0,0,0,0,1,0,0,0,0,0,0,0,1,0,0,1.197651439294807,rbf,2,0.010825495025123777,0.1608541324281186,False,0.0011965580755454,0
chscase_whale_939,2,1.0,0.0016324520111083,0.0003049373626708,0,1,0,0,1,0,0,0,0,0,0,0,0,0,1,0,0,0,0,0,0,0,0,1,0,0,1.5747616537469675,rbf,2,scale,-0.27830862692676,False,0.0018975809914261,0
chscase_whale_939,3,1.0,0.0016677379608154,0.0002834796905517,0,1,0,0,1,0,0,0,0,0,0,0,0,0,1,0,0,0,0,0,0,0,0,1,0,0,0.2528648405780784,linear,3,0.07336777410702282,-0.1567441868985625,False,0.0023808553324654,0
chscase_whale_939,3,1.0,0.0010812282562255,0.0001585483551025,0,1,1,0,0,0,0,0,1,0,0,0,0,0,0,0,0,0,0,0,1,0,0,0,0,0,3.251362113116403,linear,4,scale,-0.2830942800567813,True,0.0005863977702672,0
chscase_whale_939,1,1.0,0.001061201095581,0.0001590251922607,0,1,1,0,0,0,0,0,0,0,0,0,0,0,0,0,0,1,0,0,1,0,0,0,0,0,0.2033436956333781,rbf,5,auto,0.4451502477129369,True,0.0011880588583765,0
chscase_whale_939,3,1.0,0.0017030239105224,0.0002946853637695,0,1,1,0,0,0,1,0,0,0,0,0,0,0,0,0,0,0,0,0,1,0,0,0,0,0,2.220398637652475,rbf,2,0.24616058436332136,0.2786016510841018,False,0.0022623965514414,0
chscase_whale_939,1,1.0,0.0010440349578857,0.0001602172851562,0,1,0,0,1,0,0,0,1,0,0,0,0,0,0,0,0,0,0,0,0,0,0,1,0,0,2.497003131058186,poly,2,0.012335113992788114,0.1691947359462427,False,0.0010504065205637,0
chscase_whale_939,2,1.0,0.0010678768157958,0.0001614093780517,0,1,0,0,1,0,0,0,1,0,0,0,0,0,0,0,0,0,0,0,0,0,0,1,0,0,0.1491256920312074,sigmoid,4,0.07809503950829341,0.2167628696982493,True,0.0004011032895894,0
chscase_whale_939,3,1.0,0.0010373592376708,0.000159740447998,0,1,0,0,1,0,0,0,1,0,0,0,0,0,0,0,0,0,0,0,0,0,0,1,0,0,0.1027072567458704,rbf,3,auto,0.0835485461217828,True,0.0023648231944123,0
Smartphone-Based_Recognition_of_Human_Activities_4153,3,1.0,0.0034387111663818,0.0008831024169921,0,1,1,0,0,0,0,0,0,0,0,0,0,1,0,0,0,0,0,0,0,0,1,0,0,0,0.22869891141236,rbf,2,scale,0.0147505644242642,True,0.0012022911674272,0
Smartphone-Based_Recognition_of_Human_Activities_4153,3,1.0,0.0019805431365966,0.0005390644073486,0,1,1,0,0,0,0,0,0,0,0,1,0,0,0,0,0,0,0,0,0,0,1,0,0,0,2.9899645104537496,rbf,3,scale,0.0237860281548802,True,0.0033765015425422,0
Smartphone-Based_Recognition_of_Human_Activities_4153,0,1.0,0.0165493488311767,0.0020337104797363,0,1,0,1,0,0,0,0,0,0,0,0,0,0,0,1,0,0,0,0,0,0,0,0,0,1,0.5164958134795592,rbf,4,auto,0.4597480075428776,False,0.005609675547829,0
Smartphone-Based_Recognition_of_Human_Activities_4153,0,1.0,0.0169076919555664,0.002042531967163,0,1,0,0,1,0,0,0,0,0,0,0,0,0,0,1,0,0,0,0,0,0,1,0,0,0,3.3159821713902766,linear,4,scale,-0.1061697356917566,False,0.0099501733629506,0
Smartphone-Based_Recognition_of_Human_Activities_4153,0,1.0,0.0019903182983398,0.0003948211669921,0,1,0,0,1,1,0,0,0,0,0,0,0,0,0,0,0,0,0,0,0,0,0,1,0,0,4.870716108044576,linear,4,scale,0.2178116460290775,True,0.0080750957057832,0
Smartphone-Based_Recognition_of_Human_Activities_4153,1,1.0,0.0019125938415527,0.0003912448883056,0,1,0,0,1,0,0,0,0,0,1,0,0,0,0,0,0,0,0,0,0,0,1,0,0,0,1.8315957846232072,sigmoid,3,0.6761181170356552,-0.6079039527034963,True,0.0027611247453128,0
Smartphone-Based_Recognition_of_Human_Activities_4153,0,1.0,0.0019817352294921,0.0004560947418212,0,1,0,0,1,0,0,0,0,0,1,0,0,0,0,0,0,0,0,0,0,0,0,1,0,0,0.3014468340999633,rbf,4,scale,0.6310717403078456,False,0.0014383025238988,0
Smartphone-Based_Recognition_of_Human_Activities_4153,0,1.0,0.0169997215270996,0.0020771026611328,1,0,0,0,1,0,0,0,0,0,0,0,0,0,0,1,0,0,0,0,1,0,0,0,0,0,3.744107761397242,linear,2,auto,0.4711364727740932,True,0.0082151170011056,0
Smartphone-Based_Recognition_of_Human_Activities_4153,3,1.0,0.0036580562591552,0.0008280277252197,1,0,1,0,0,0,0,0,0,0,0,0,1,0,0,0,0,0,0,0,0,0,0,0,0,1,0.20176016602754,rbf,4,scale,-0.2110090280726855,False,0.0085262157038153,0
Smartphone-Based_Recognition_of_Human_Activities_4153,2,1.0,0.0025999546051025,0.0005145072937011,0,1,0,0,1,0,0,0,0,0,1,0,0,0,0,0,0,0,0,0,0,0,0,1,0,0,9.463935942412384,rbf,2,scale,-0.4895455840632087,False,0.0096603909726978,0
Smartphone-Based_Recognition_of_Human_Activities_4153,0,1.0,0.0020768642425537,0.0004527568817138,1,0,0,1,0,0,0,0,0,0,1,0,0,0,0,0,0,0,0,0,0,0,0,1,0,0,2.9678364966966315,linear,4,scale,-0.004201938373031,True,0.003244333501307,0
Smartphone-Based_Recognition_of_Human_Activities_4153,3,1.0,0.0020644664764404,0.0004642009735107,0,1,0,0,1,0,0,0,0,0,1,0,0,0,0,0,0,0,0,0,0,0,0,1,0,0,0.2087566204306933,rbf,2,0.013035781602659703,0.2306070741554901,False,0.0057271429824146,0
Smartphone-Based_Recognition_of_Human_Activities_4153,3,1.0,0.0021262168884277,0.0004122257232666,1,0,0,1,0,0,0,0,0,0,1,0,0,0,0,0,0,0,0,0,0,0,0,1,0,0,0.4515449909442218,sigmoid,2,auto,-0.1265551916424407,False,0.0003489693421015,0
Smartphone-Based_Recognition_of_Human_Activities_4153,1,1.0,0.0029582977294921,0.000730276107788,1,0,0,1,0,0,0,0,0,1,0,0,0,0,0,0,0,0,0,0,0,0,0,1,0,0,0.3804937477568202,rbf,2,scale,0.2911206251295863,True,0.0091663128777411,0
Smartphone-Based_Recognition_of_Human_Activities_4153,3,1.0,0.0019547939300537,0.0004129409790039,0,1,0,0,1,1,0,0,0,0,0,0,0,0,0,0,0,0,0,0,0,0,0,1,0,0,3.080267594366279,rbf,3,auto,0.303478876847491,True,0.0004174952252291,0
Smartphone-Based_Recognition_of_Human_Activities_4153,3,1.0,0.0020544528961181,0.0004129409790039,1,0,1,0,0,0,0,0,0,0,1,0,0,0,0,0,0,0,0,0,0,0,0,1,0,0,8.459046109961692,sigmoid,2,0.051170267259961204,-0.0160502916928171,False,0.0001718293587687,0
Smartphone-Based_Recognition_of_Human_Activities_4153,1,1.0,0.0033380985260009,0.0008223056793212,1,0,1,0,0,0,0,0,0,1,0,0,0,0,0,0,0,0,0,0,0,0,0,1,0,0,0.1197973723126183,poly,3,scale,-0.3905683825703426,False,0.0017906968984726,0
Smartphone-Based_Recognition_of_Human_Activities_4153,3,1.0,0.0019097328186035,0.0003993511199951,1,0,1,0,0,1,0,0,0,0,0,0,0,0,0,0,0,0,0,0,0,0,1,0,0,0,0.458896959745282,rbf,2,scale,0.6612353284769739,True,0.0014855404981694,0
Smartphone-Based_Recognition_of_Human_Activities_4153,3,1.0,0.0024943351745605,0.0004305839538574,1,0,0,1,0,0,0,0,0,0,1,0,0,0,0,0,0,0,0,0,0,0,0,0,0,1,0.8643590593729199,poly,3,scale,0.3980235430580204,True,0.0001836913076192,0
Smartphone-Based_Recognition_of_Human_Activities_4153,3,1.0,0.0069751739501953,0.0007486343383789,0,1,0,1,0,0,0,0,0,0,0,0,1,0,0,0,0,0,0,0,0,0,0,0,0,1,0.9714055504058998,sigmoid,2,0.09430759634568613,0.6224772424964744,True,0.0001650173704111,0
bodyfat_778,1,1.0,0.0012035369873046,0.0001876354217529,0,1,0,0,1,0,0,0,0,0,1,0,0,0,0,0,0,0,0,0,0,0,0,1,0,0,4.135466815506176,linear,2,scale,0.2144551931199665,True,0.0007530956487531,0
bodyfat_778,0,1.0,0.001171588897705,0.0001895427703857,1,0,1,0,0,0,0,0,1,0,0,0,0,0,0,0,0,0,0,0,1,0,0,0,0,0,0.8696850693112717,sigmoid,2,0.11696398622490212,-0.2165659768086801,False,0.0061313744092718,0
bodyfat_778,4,1.0,0.0013394355773925,0.0002083778381347,1,0,1,0,0,0,0,0,1,0,0,0,0,0,0,0,0,0,0,0,1,0,0,0,0,0,6.193123238987228,rbf,3,scale,-0.2262923844788607,False,0.0015252427647156,0
bodyfat_778,1,1.0,0.0012321472167968,0.0002081394195556,1,0,1,0,0,0,0,0,1,0,0,0,0,0,0,0,0,0,0,0,1,0,0,0,0,0,1.4364597305011002,sigmoid,4,scale,-0.0739827877719162,True,0.0002898407012849,0
bodyfat_778,2,1.0,0.0012102127075195,0.0002129077911376,1,0,1,0,0,0,0,0,1,0,0,0,0,0,0,0,0,0,0,0,1,0,0,0,0,0,0.5667404564628911,rbf,4,auto,0.2071770759826978,True,0.0002592794621752,0
bodyfat_778,3,1.0,0.0011770725250244,0.0004549026489257,1,0,1,0,0,0,0,0,1,0,0,0,0,0,0,0,0,0,0,0,1,0,0,0,0,0,0.1468588294394932,rbf,2,auto,-0.1566716284334023,True,0.0001431305515134,0
bodyfat_778,3,1.0,0.0014762878417968,0.0002021789550781,0,1,0,0,1,0,0,0,1,0,0,0,0,0,0,0,0,0,0,0,0,0,0,1,0,0,1.379579618061156,rbf,4,0.32493545965179393,-0.1986364594181341,False,0.0001432335286938,0
bodyfat_778,1,1.0,0.0014903545379638,0.0002422332763671,0,1,0,1,0,0,0,0,0,0,1,0,0,0,0,0,0,0,0,1,0,0,0,0,0,0,0.8137560612473755,linear,4,scale,-0.0404247503657506,False,0.0010326402122687,0
bodyfat_778,1,1.0,0.0190834999084472,0.0037739276885986,0,1,0,1,0,0,0,0,0,0,0,0,0,0,0,1,0,0,0,1,0,0,0,0,0,0,2.0102339988903557,sigmoid,4,auto,0.3988336389512723,False,0.0002455398756987,0
bodyfat_778,1,1.0,0.018019676208496,0.0036127567291259,1,0,1,0,0,0,0,0,0,0,0,0,0,0,0,1,0,0,0,0,1,0,0,0,0,0,0.6435772668717545,rbf,3,auto,-0.3133075530950798,True,0.0003245278163092,0
bodyfat_778,0,1.0,0.0014429092407226,0.00022554397583,0,1,0,1,0,0,0,0,1,0,0,0,0,0,0,0,0,0,0,1,0,0,0,0,0,0,0.8572255263948078,poly,3,0.07846124436121141,-0.1861900733792734,False,0.0031402888574509,0
bodyfat_778,1,1.0,0.0012149810791015,0.0002167224884033,0,1,0,1,0,0,0,0,1,0,0,0,0,0,0,0,0,0,0,1,0,0,0,0,0,0,2.342412368957339,poly,3,scale,-0.1961706695500076,True,0.0001950954873645,0
bodyfat_778,2,1.0,0.0012023448944091,0.0002138614654541,0,1,0,1,0,0,0,0,1,0,0,0,0,0,0,0,0,0,0,1,0,0,0,0,0,0,8.065878553211736,linear,2,scale,0.194416680873828,False,0.0009678121627578,0
bodyfat_778,3,1.0,0.0012469291687011,0.000197410583496,0,1,0,1,0,0,0,0,1,0,0,0,0,0,0,0,0,0,0,1,0,0,0,0,0,0,2.3137335785889563,poly,3,scale,0.408055347649361,True,0.0003175336126133,0
bodyfat_778,4,1.0,0.0012595653533935,0.0002341270446777,0,1,0,1,0,0,0,0,1,0,0,0,0,0,0,0,0,0,0,1,0,0,0,0,0,0,0.9500746101208798,rbf,4,scale,-0.1070155339446822,False,0.0027209329614154,0
bodyfat_778,1,1.0,0.0035181045532226,0.0016233921051025,0,1,0,1,0,0,0,0,0,0,0,0,1,0,0,0,0,0,0,1,0,0,0,0,0,0,4.365841891724306,poly,3,auto,-0.2007447395362774,True,0.0028630484945063,0
bodyfat_778,2,1.0,0.0011780261993408,0.0001864433288574,1,0,1,0,0,0,0,0,1,0,0,0,0,0,0,0,0,0,0,0,0,0,0,0,0,1,0.4070379875381825,poly,3,scale,-0.0488857735662984,True,0.0003602066696687,0
bodyfat_778,4,1.0,0.0012574195861816,0.0001871585845947,1,0,1,0,0,0,0,0,1,0,0,0,0,0,0,0,0,0,0,0,0,0,0,0,0,1,1.981197391163146,rbf,3,scale,0.2811195913818011,False,0.0022607433380122,0
bodyfat_778,2,1.0,0.0014081001281738,0.0002117156982421,1,0,1,0,0,0,0,0,0,0,0,0,0,0,0,0,0,1,0,0,0,0,0,0,0,1,0.3534067729570163,rbf,3,scale,0.1428600438767928,False,0.0014872592831936,0
bodyfat_778,0,1.0,0.0012154579162597,0.0001935958862304,1,0,1,0,0,0,0,0,1,0,0,0,0,0,0,0,0,0,0,0,0,0,0,0,0,1,1.009120566420783,sigmoid,2,auto,-0.2140082215501611,True,0.0008914072655808,0
socmob_934,3,0.961038961038961,0.0220899581909179,0.0062918663024902,1,0,0,1,0,0,0,0,0,0,0,0,1,0,0,0,0,0,0,0,0,0,0,0,1,0,0.2817893774426497,rbf,3,auto,0.0582031610078288,True,0.0013429264095602,0
socmob_934,3,0.961038961038961,0.0172913074493408,0.0062775611877441,0,1,0,1,0,0,0,0,0,0,0,0,1,0,0,0,0,0,0,0,0,0,0,0,1,0,0.2109724655019492,rbf,4,scale,-0.2749559692885363,False,0.0008311651742483,0
socmob_934,3,0.9567099567099568,0.1501123905181884,0.0339322090148925,0,1,0,0,1,0,0,0,0,0,0,0,0,0,0,1,0,0,0,0,0,0,0,1,0,0,1.3394407837322766,poly,2,scale,0.2200516553473279,True,0.0010983266835161,0
socmob_934,4,0.9567099567099568,0.1582343578338623,0.0352070331573486,1,0,0,0,1,0,0,0,0,0,0,0,0,0,0,1,0,0,0,0,0,0,1,0,0,0,0.1498726192269818,sigmoid,3,scale,-0.3220479604567708,False,0.0002324212929711,0
socmob_934,4,0.9567099567099568,0.1435415744781494,0.0326995849609375,0,1,0,0,1,0,0,0,0,0,0,0,0,0,0,1,0,0,0,0,0,0,0,1,0,0,0.6182922666697811,sigmoid,2,scale,-0.0637051383007578,True,0.0003838986601846,0
socmob_934,3,0.9567099567099568,0.1365010738372802,0.0323450565338134,1,0,0,0,1,0,0,0,0,0,0,0,0,0,0,1,0,0,0,0,0,0,1,0,0,0,6.571097380247839,rbf,3,0.22729134418663136,-0.1405689096985041,True,0.0041734009076372,0
socmob_934,3,0.9567099567099568,0.1438877582550048,0.0326583385467529,1,0,0,0,1,0,0,0,0,0,0,0,0,0,0,1,0,0,0,0,0,0,0,1,0,0,2.75825470445646,linear,2,auto,0.1548244561875712,False,0.0001891758268195,0
socmob_934,4,0.9567099567099568,0.1411387920379638,0.0341880321502685,1,0,0,0,1,0,0,0,0,0,0,0,0,0,0,1,0,0,0,0,0,0,0,1,0,0,0.1892410056578276,poly,3,auto,0.6868440027271892,True,0.0016694573871319,0
socmob_934,3,0.9567099567099568,0.1373393535614013,0.0325462818145751,0,1,0,0,1,0,0,0,0,0,0,0,0,0,0,1,0,0,0,0,0,0,1,0,0,0,2.530836183093675,linear,3,auto,-0.0073003749494723,True,0.0001953129606968,0
socmob_934,4,0.9567099567099568,0.1476356983184814,0.0339319705963134,0,1,0,0,1,0,0,0,0,0,0,0,0,0,0,1,0,0,0,0,0,0,1,0,0,0,0.2589893958705682,linear,3,scale,0.0546109652927072,True,0.0030169056781287,0
socmob_934,0,0.9525862068965516,0.0379042625427246,0.0066785812377929,0,1,0,1,0,0,0,0,0,0,0,0,1,0,0,0,0,0,0,0,0,0,0,0,1,0,3.6600014471406417,linear,2,scale,0.0822784146440336,False,0.0014008184484424,0
socmob_934,0,0.9525862068965516,0.017510175704956,0.0061748027801513,1,0,0,1,0,0,0,0,0,0,0,0,1,0,0,0,0,0,0,0,0,0,0,0,1,0,1.842806808665939,rbf,4,scale,-0.0047373177141051,True,0.004831144487939,0
socmob_934,0,0.9525862068965516,0.1397418975830078,0.0322153568267822,0,1,0,0,1,0,0,0,0,0,0,0,0,0,0,1,0,0,0,0,0,0,0,1,0,0,0.8975926325921192,sigmoid,3,scale,0.3806710945428415,False,0.0002281650805397,0
socmob_934,0,0.9525862068965516,0.1395900249481201,0.0316073894500732,1,0,0,0,1,0,0,0,0,0,0,0,0,0,0,1,0,0,0,0,0,0,0,1,0,0,0.3051459030956134,sigmoid,5,scale,0.0899625091684335,False,0.0001750064985355,0
socmob_934,3,0.9523809523809524,0.0254931449890136,0.0072417259216308,0,1,0,0,1,0,0,0,0,0,0,0,0,0,0,0,1,0,0,0,0,0,1,0,0,0,0.8377553259097984,poly,3,scale,-0.1272018032980618,True,0.0056491391702622,0
socmob_934,3,0.9523809523809524,0.0209925174713134,0.0072331428527832,1,0,0,0,1,0,0,0,0,0,0,0,0,0,0,0,1,0,0,0,0,0,1,0,0,0,0.9359015302859294,rbf,3,0.018610266093254696,0.3125601416267624,False,0.007715602082673,0
socmob_934,0,0.9482758620689656,0.1223680973052978,0.0307364463806152,0,1,0,1,0,0,0,0,0,0,0,0,0,0,0,1,0,0,0,0,0,0,0,1,0,0,3.249479996410844,rbf,4,auto,0.5045143888887648,True,0.0015652099782562,0
socmob_934,0,0.9482758620689656,0.1236617565155029,0.0297455787658691,1,0,0,1,0,0,0,0,0,0,0,0,0,0,0,1,0,0,0,0,0,0,0,1,0,0,0.7946663444157177,rbf,4,auto,-0.1539947696033966,True,0.007006758510397,0
socmob_934,4,0.948051948051948,0.0274233818054199,0.0085692405700683,1,0,0,1,0,0,1,0,0,0,0,0,0,0,0,0,0,0,0,0,0,0,1,0,0,0,0.8790892034100493,linear,4,auto,-0.3059559961137436,True,0.0002456213776575,0
socmob_934,3,0.948051948051948,0.0152170658111572,0.0042657852172851,0,1,0,1,0,0,0,0,0,0,0,1,0,0,0,0,0,0,0,0,0,0,1,0,0,0,5.295548860485218,poly,4,auto,0.0110811616252176,True,0.0057318333742479,0
servo_747,1,1.0,0.001786470413208,0.0002369880676269,0,1,0,0,1,0,0,0,0,0,0,1,0,0,0,0,0,0,0,0,0,0,0,1,0,0,6.876265222227748,poly,3,auto,-0.3728222008934645,False,0.0057420634630285,0
servo_747,2,1.0,0.0017762184143066,0.0002961158752441,0,1,0,0,1,0,0,0,0,1,0,0,0,0,0,0,0,0,0,0,0,0,1,0,0,0,2.0783893894066825,poly,3,auto,-0.5098568352471551,True,0.0027179137283672,0
servo_747,1,1.0,0.0017473697662353,0.0002927780151367,0,1,0,0,1,0,0,0,0,1,0,0,0,0,0,0,0,0,0,0,0,0,1,0,0,0,0.2170760999762896,rbf,2,auto,-0.437319229595577,True,0.008094133010004,0
servo_747,2,1.0,0.0015609264373779,0.000244140625,0,1,0,0,1,0,0,0,0,0,0,1,0,0,0,0,0,0,0,0,0,0,0,1,0,0,0.2559126293887828,linear,2,scale,-0.2442498672282025,False,0.0013493119283956,0
servo_747,1,1.0,0.0018165111541748,0.0003268718719482,0,1,0,0,1,0,0,0,0,0,0,0,1,0,0,0,0,0,0,0,0,0,0,1,0,0,2.0418129503000237,sigmoid,3,0.19679809959103467,-0.5558366097496829,False,0.0006454109873446,0
servo_747,2,1.0,0.0019416809082031,0.0003309249877929,0,1,0,0,1,0,0,0,0,0,0,0,1,0,0,0,0,0,0,0,0,0,0,1,0,0,1.2113102212650082,sigmoid,3,0.013292710129645122,0.1438837530790324,False,0.0006917966259069,0
servo_747,2,1.0,0.0016570091247558,0.0003206729888916,0,1,0,0,1,0,0,0,0,0,0,0,0,0,0,0,1,0,0,0,0,0,0,1,0,0,5.023920382648562,rbf,2,scale,0.3660169292490308,True,0.0002603000769368,0
servo_747,2,1.0,0.0014400482177734,0.0002388954162597,1,0,0,0,1,0,0,0,0,0,0,1,0,0,0,0,0,0,0,0,0,0,1,0,0,0,4.070047146415246,sigmoid,3,0.08391733579018079,0.600340149515744,True,0.0047118179319227,0
servo_747,2,1.0,0.0014252662658691,0.0002200603485107,0,1,0,0,1,0,0,0,0,0,0,1,0,0,0,0,0,0,0,0,0,0,1,0,0,0,7.046884948405144,poly,2,scale,-0.4525103659555717,False,0.0011881649101799,0
servo_747,1,1.0,0.0020043849945068,0.0002715587615966,0,1,0,0,1,0,0,0,0,1,0,0,0,0,0,0,0,0,0,0,0,0,0,0,1,0,0.1779172976931358,linear,4,scale,0.3618417308836305,True,0.0001313582765449,0
servo_747,1,1.0,0.0015420913696289,0.0002315044403076,0,1,0,0,1,0,0,0,0,0,0,1,0,0,0,0,0,0,0,0,0,0,1,0,0,0,0.543871069742202,poly,3,scale,0.3842257759962225,True,0.0005690678614541,0
servo_747,2,1.0,0.0019946098327636,0.000417947769165,1,0,0,0,1,0,0,0,0,0,0,0,0,0,0,0,1,0,0,0,0,0,0,1,0,0,0.2114068006997143,linear,3,0.8064467090753757,-0.1395518782755341,True,0.0044392029010166,0
servo_747,1,1.0,0.0021977424621582,0.0003383159637451,0,1,0,0,1,0,0,0,0,1,0,0,0,0,0,0,0,0,0,0,0,0,0,1,0,0,1.2343016256465682,sigmoid,3,scale,-0.3891624791117191,True,0.0001486502362154,0
servo_747,2,1.0,0.0012950897216796,0.0002012252807617,0,1,0,0,1,0,1,0,0,0,0,0,0,0,0,0,0,0,0,0,0,0,0,1,0,0,0.1312541284666512,rbf,2,scale,-0.1114054372356259,False,0.0020470318864383,0
servo_747,2,1.0,0.0014653205871582,0.0002229213714599,0,1,0,0,1,0,0,0,0,0,0,0,0,1,0,0,0,0,0,0,0,0,0,1,0,0,2.0152470113283214,linear,3,auto,0.3591306058499415,True,0.0013638283905827,0
servo_747,1,1.0,0.0016572475433349,0.000232458114624,0,1,0,0,1,0,0,0,0,0,0,0,0,1,0,0,0,0,0,0,0,0,0,1,0,0,7.224621952939304,sigmoid,4,0.9588861020006171,-0.0707256042129683,True,0.0001787866084312,0
servo_747,1,1.0,0.0017499923706054,0.0002787113189697,0,1,0,0,1,0,0,0,0,0,0,1,0,0,0,0,0,0,0,0,0,0,0,0,0,1,8.846182700432065,linear,2,auto,-0.212051813213751,False,0.0006274202574787,0
servo_747,1,1.0,0.0014195442199707,0.0002210140228271,0,1,0,0,1,0,0,0,0,0,0,0,0,0,1,0,0,0,0,0,0,0,0,1,0,0,5.124025595994398,sigmoid,3,0.14988862668386407,0.1976369534739447,True,0.0005843117396624,0
servo_747,2,1.0,0.001772403717041,0.0002601146697998,0,1,0,0,1,0,0,0,0,1,0,0,0,0,0,0,0,0,0,0,0,0,0,1,0,0,0.1714337389965783,linear,2,scale,-0.22536232465363,False,0.0005746304692113,0
servo_747,1,1.0,0.0020651817321777,0.0003852844238281,1,0,0,0,1,0,0,0,0,0,0,0,1,0,0,0,0,0,0,0,0,0,0,1,0,0,0.7883385880594446,poly,2,scale,-0.1043814162572818,False,0.0002021937938943,0
KnuggetChase3_1448,1,0.9230769230769232,0.0013771057128906,0.0003027915954589,0,1,1,0,0,0,0,0,1,0,0,0,0,0,0,0,0,0,0,0,0,1,0,0,0,0,1.7613677222487372,sigmoid,2,0.3694993503096906,-0.2411298433153267,False,0.0046445049574978,0
KnuggetChase3_1448,1,0.9230769230769232,0.0012428760528564,0.0002789497375488,0,1,0,1,0,0,0,0,1,0,0,0,0,0,0,0,0,0,0,0,0,1,0,0,0,0,0.6273622760167368,rbf,2,0.20463154436818212,-0.0170480336119998,True,0.0001564629192408,0
KnuggetChase3_1448,1,0.9230769230769232,0.0015227794647216,0.0003020763397216,1,0,0,0,1,0,0,0,0,0,0,0,0,0,0,0,0,1,0,0,0,0,1,0,0,0,0.1085972676521948,linear,4,auto,0.0073102327948597,True,0.0069694197151163,0
KnuggetChase3_1448,1,0.9230769230769232,0.0011866092681884,0.0002784729003906,0,1,0,0,1,0,0,0,1,0,0,0,0,0,0,0,0,0,0,0,0,1,0,0,0,0,0.7170822482702252,rbf,4,scale,-0.1916251952307959,False,0.0004426631834505,0
KnuggetChase3_1448,1,0.9230769230769232,0.0013580322265625,0.0002999305725097,1,0,1,0,0,0,0,0,1,0,0,0,0,0,0,0,0,0,0,0,0,1,0,0,0,0,3.3886263150347324,rbf,3,scale,0.0632907216253763,False,0.0056731469728168,0
KnuggetChase3_1448,1,0.9230769230769232,0.0015203952789306,0.0002992153167724,0,1,0,1,0,0,0,0,0,0,0,0,0,0,0,0,0,1,0,0,0,0,1,0,0,0,0.123186105099767,rbf,2,auto,-0.0345031834509534,False,0.0050475365831029,0
KnuggetChase3_1448,1,0.9230769230769232,0.001164436340332,0.0002739429473876,1,0,0,1,0,0,0,0,1,0,0,0,0,0,0,0,0,0,0,0,0,1,0,0,0,0,0.1430103231734003,rbf,2,scale,0.6984594871460714,True,0.0001045687086972,0
KnuggetChase3_1448,1,0.9230769230769232,0.0015029907226562,0.000298261642456,0,1,1,0,0,0,0,0,0,0,0,0,0,0,0,0,0,1,0,0,0,0,1,0,0,0,1.2519540815783183,rbf,3,0.010681400095000904,0.1257844097827596,True,0.0008855686618784,0
KnuggetChase3_1448,1,0.9230769230769232,0.0014846324920654,0.0003211498260498,1,0,1,0,0,0,0,0,0,0,0,0,0,0,0,0,0,1,0,0,0,0,1,0,0,0,0.4909052253963067,rbf,2,scale,-0.0498266304333748,True,0.0004440897986533,0
KnuggetChase3_1448,1,0.9230769230769232,0.0012495517730712,0.0003397464752197,1,0,0,0,1,0,0,0,1,0,0,0,0,0,0,0,0,0,0,0,0,1,0,0,0,0,1.2434171220603245,linear,2,auto,0.00149104318038,True,0.0025358183490287,0
KnuggetChase3_1448,1,0.9230769230769232,0.0016047954559326,0.0003225803375244,1,0,0,1,0,0,0,0,0,0,0,0,0,0,0,0,0,1,0,0,0,0,1,0,0,0,0.7189895633182661,poly,2,scale,0.0178348658213987,True,0.000133667859886,0
KnuggetChase3_1448,1,0.9230769230769232,0.0014467239379882,0.000340461730957,0,1,0,0,1,0,0,0,0,0,0,0,0,0,0,0,0,1,0,0,0,0,1,0,0,0,0.2877151688822294,poly,3,scale,0.0718819023693493,True,0.0003843206312378,0
KnuggetChase3_1448,1,0.8974358974358975,0.0011813640594482,0.00030517578125,1,0,0,1,0,0,0,0,1,0,0,0,0,0,0,0,0,0,0,0,0,0,0,1,0,0,1.9441519120748008,sigmoid,3,scale,-0.0395882675651804,False,0.0001427690101187,0
KnuggetChase3_1448,1,0.8974358974358975,0.001307725906372,0.0002815723419189,1,0,0,1,0,0,0,0,1,0,0,0,0,0,0,0,0,0,0,0,0,0,1,0,0,0,7.821828447225961,linear,4,scale,-0.3166033981091829,True,0.0004334620844103,0
KnuggetChase3_1448,1,0.8974358974358975,0.0013587474822998,0.0003044605255126,0,1,1,0,0,0,0,0,1,0,0,0,0,0,0,0,0,0,0,0,0,0,1,0,0,0,1.5199476196736668,poly,3,scale,0.4397230056989079,True,0.0006920057714951,0
KnuggetChase3_1448,1,0.8974358974358975,0.0013589859008789,0.0003321170806884,0,1,0,1,0,0,0,0,1,0,0,0,0,0,0,0,0,0,0,0,0,0,1,0,0,0,2.2524927225778555,linear,4,auto,0.4096930266771424,True,0.0004019877019634,0
KnuggetChase3_1448,1,0.8974358974358975,0.0011875629425048,0.0002787113189697,0,1,1,0,0,0,0,0,1,0,0,0,0,0,0,0,0,0,0,0,0,0,0,1,0,0,0.5624409141031306,linear,3,auto,0.5392457447646881,False,0.0022139471142611,0
KnuggetChase3_1448,1,0.8974358974358975,0.0012152194976806,0.0002872943878173,1,0,1,0,0,0,0,0,1,0,0,0,0,0,0,0,0,0,0,0,0,0,0,1,0,0,3.777037082903903,rbf,3,scale,0.1451981412874812,True,0.0016993874528981,0
KnuggetChase3_1448,1,0.8974358974358975,0.0014288425445556,0.0003015995025634,1,0,1,0,0,0,0,0,1,0,0,0,0,0,0,0,0,0,0,0,0,0,1,0,0,0,0.1200721022176296,rbf,4,scale,0.1555764635753269,False,0.000784628831714,0
KnuggetChase3_1448,1,0.8974358974358975,0.0012736320495605,0.0003135204315185,0,1,0,0,1,0,0,0,1,0,0,0,0,0,0,0,0,0,0,0,0,0,0,1,0,0,0.6347408110098692,poly,4,scale,0.1224410593342823,True,0.0002135182904519,0
analcatdata_wildcat_748,0,0.8787878787878788,0.0021054744720458,0.0004560947418212,0,1,0,0,1,0,0,0,0,0,0,0,0,0,0,0,1,0,0,0,0,0,0,1,0,0,2.6841750181167137,sigmoid,5,scale,-0.5018370418476945,False,0.0003932217608848,0
analcatdata_wildcat_748,0,0.8787878787878788,0.0016071796417236,0.0002262592315673,1,0,0,1,0,0,1,0,0,0,0,0,0,0,0,0,0,0,0,0,0,0,0,1,0,0,0.1409346452457134,linear,5,scale,-0.4892381220015817,False,0.0001010700070748,0
analcatdata_wildcat_748,0,0.8787878787878788,0.0013549327850341,0.0002222061157226,0,1,0,1,0,0,1,0,0,0,0,0,0,0,0,0,0,0,0,0,0,0,0,1,0,0,7.093442959524616,rbf,2,scale,0.3830689090115848,True,0.0013584614960313,0
analcatdata_wildcat_748,0,0.8787878787878788,0.0013797283172607,0.0002253055572509,1,0,1,0,0,0,1,0,0,0,0,0,0,0,0,0,0,0,0,0,0,0,0,1,0,0,5.429501247275263,sigmoid,3,0.03493743154333548,-0.1341586277596654,False,0.0005712710710874,0
analcatdata_wildcat_748,0,0.8787878787878788,0.001847505569458,0.0004262924194335,1,0,0,0,1,0,0,0,0,0,0,0,0,0,0,0,1,0,0,0,0,0,0,1,0,0,3.1228256685507003,sigmoid,3,scale,-0.2287728434036341,False,0.0013628548703996,0
analcatdata_wildcat_748,0,0.8787878787878788,0.0020294189453125,0.0004465579986572,0,1,0,1,0,0,0,0,0,0,0,0,0,0,0,0,1,0,0,0,0,0,0,1,0,0,0.2870089326158146,rbf,3,auto,-0.0916296982499642,True,0.0009433251250006,0
analcatdata_wildcat_748,0,0.8787878787878788,0.0013563632965087,0.00022554397583,0,1,1,0,0,0,1,0,0,0,0,0,0,0,0,0,0,0,0,0,0,0,0,1,0,0,0.1372389824843548,sigmoid,3,auto,-0.0590280972317908,False,0.0007109927809189,0
analcatdata_wildcat_748,0,0.8787878787878788,0.0019850730895996,0.0004465579986572,1,0,0,1,0,0,0,0,0,0,0,0,0,0,0,0,1,0,0,0,0,0,0,1,0,0,0.7432688256510411,linear,3,auto,0.0969703481849558,True,0.0029331750715306,0
analcatdata_wildcat_748,0,0.8787878787878788,0.0020408630371093,0.0004549026489257,1,0,1,0,0,0,0,0,0,0,0,0,0,0,0,0,1,0,0,0,0,0,0,1,0,0,0.5476441066814565,sigmoid,5,scale,-0.1722194401199173,True,0.0012781434925716,0
analcatdata_wildcat_748,0,0.8787878787878788,0.0020251274108886,0.0004608631134033,0,1,1,0,0,0,0,0,0,0,0,0,0,0,0,0,1,0,0,0,0,0,0,1,0,0,0.1369104831599168,sigmoid,2,scale,0.3331215763118116,True,0.0033899026603786,0
analcatdata_wildcat_748,0,0.8787878787878788,0.001310110092163,0.0002369880676269,1,0,0,0,1,0,1,0,0,0,0,0,0,0,0,0,0,0,0,0,0,0,0,1,0,0,1.3989305466659163,rbf,3,0.11566227925916242,-0.336601104762615,True,0.0022197504620183,0
analcatdata_wildcat_748,0,0.8787878787878788,0.0013484954833984,0.0002248287200927,0,1,0,0,1,0,1,0,0,0,0,0,0,0,0,0,0,0,0,0,0,0,0,1,0,0,8.501062933755419,rbf,2,scale,0.8172400290670295,True,0.0002091595162236,0
analcatdata_wildcat_748,3,0.875,0.0013585090637207,0.0002171993255615,1,0,0,1,0,0,0,0,0,0,0,0,0,1,0,0,0,0,0,0,0,0,0,0,0,1,2.5906231978583603,rbf,3,scale,0.1506430032849429,False,0.0001624575360028,0
analcatdata_wildcat_748,3,0.875,0.0013453960418701,0.0002169609069824,1,0,0,1,0,0,1,0,0,0,0,0,0,0,0,0,0,0,0,0,0,0,0,0,0,1,5.944904218706504,linear,4,0.39162887776526056,-0.171616354400807,False,0.0009736257409976,0
analcatdata_wildcat_748,3,0.875,0.0013754367828369,0.0002210140228271,1,0,0,0,1,0,1,0,0,0,0,0,0,0,0,0,0,0,0,0,1,0,0,0,0,0,0.1167241739992193,rbf,2,scale,-0.1511379751475438,True,0.0077627988146996,0
analcatdata_wildcat_748,3,0.875,0.002129316329956,0.0004940032958984,0,1,0,0,1,0,0,0,0,0,0,0,0,0,0,0,1,0,0,0,0,0,0,1,0,0,0.2846386575070717,poly,2,0.19016533891133489,0.1545360768320406,True,0.0001395234152153,0
analcatdata_wildcat_748,3,0.875,0.0017476081848144,0.0003688335418701,1,0,0,1,0,0,0,0,0,0,0,0,0,0,0,0,1,0,0,0,0,0,0,1,0,0,3.059575892948962,rbf,4,0.1332341086581674,-0.0061561460416622,True,0.0001353031414384,0
analcatdata_wildcat_748,3,0.875,0.0013155937194824,0.000220775604248,0,1,0,0,1,0,0,0,0,0,1,0,0,0,0,0,0,0,0,0,0,0,1,0,0,0,2.6473357001353546,sigmoid,5,0.8581816579535151,0.5332335059084496,True,0.0012414965463328,0
analcatdata_wildcat_748,4,0.875,0.0017018318176269,0.0003213882446289,0,1,0,1,0,0,0,0,0,1,0,0,0,0,0,0,0,0,0,0,0,0,0,0,1,0,0.1616554097976932,rbf,3,auto,0.1463106833099953,True,0.0095262837316858,0
analcatdata_wildcat_748,4,0.875,0.0018911361694335,0.0002937316894531,0,1,0,0,1,0,0,0,0,1,0,0,0,0,0,0,0,0,0,0,0,0,0,0,1,0,9.11474713482074,rbf,3,auto,-0.2043703804974972,False,0.000909917047653,0
qualitative-bankruptcy_1495,4,1.0,0.0026459693908691,0.0003349781036376,0,1,0,0,1,0,0,0,0,1,0,0,0,0,0,0,0,0,0,0,0,0,0,1,0,0,0.4520511626628389,rbf,2,scale,0.2431707657365011,True,0.0030400358935662,0
qualitative-bankruptcy_1495,0,1.0,0.0024147033691406,0.0009222030639648,1,0,1,0,0,0,0,0,0,0,0,1,0,0,0,0,0,0,0,0,1,0,0,0,0,0,0.4249939240666171,poly,5,scale,-0.203102158212452,False,0.0009182954631021,0
qualitative-bankruptcy_1495,1,1.0,0.0023577213287353,0.0008840560913085,1,0,1,0,0,0,0,0,0,0,0,1,0,0,0,0,0,0,0,0,1,0,0,0,0,0,1.3673755385845563,rbf,3,scale,0.2231547466676965,True,0.0008536175130155,0
qualitative-bankruptcy_1495,2,1.0,0.0023703575134277,0.0008957386016845,1,0,1,0,0,0,0,0,0,0,0,1,0,0,0,0,0,0,0,0,1,0,0,0,0,0,5.331550599006407,linear,3,0.3198168525215603,-0.5654605816638022,False,0.0002814102089385,0
qualitative-bankruptcy_1495,2,1.0,0.0018782615661621,0.0003292560577392,0,1,0,0,1,0,0,0,0,1,0,0,0,0,0,0,0,0,0,0,0,0,0,1,0,0,0.9593675693375772,rbf,4,0.0384772419649261,-0.6067442252704692,True,0.0017471454019759,0
qualitative-bankruptcy_1495,4,1.0,0.0021288394927978,0.0008776187896728,1,0,1,0,0,0,0,0,0,0,0,1,0,0,0,0,0,0,0,0,1,0,0,0,0,0,1.893996230801468,linear,3,auto,-0.3358704489177671,True,0.0091912547098231,0
qualitative-bankruptcy_1495,0,1.0,0.0014514923095703,0.0002675056457519,1,0,1,0,0,0,0,0,0,0,0,0,0,1,0,0,0,0,0,0,1,0,0,0,0,0,6.19363970929528,rbf,4,scale,0.1982987768404447,False,0.0009983640535056,0
qualitative-bankruptcy_1495,1,1.0,0.0014245510101318,0.0002472400665283,1,0,1,0,0,0,0,0,0,0,0,0,0,1,0,0,0,0,0,0,1,0,0,0,0,0,0.1665139184289517,sigmoid,3,0.09726865748204398,-0.1962648451216902,True,0.0019827049782646,0
qualitative-bankruptcy_1495,2,1.0,0.001305341720581,0.0004975795745849,1,0,1,0,0,0,0,0,0,0,0,0,0,1,0,0,0,0,0,0,1,0,0,0,0,0,2.704319970681873,linear,3,scale,-0.1845098022894226,True,0.0061741483024786,0
qualitative-bankruptcy_1495,1,1.0,0.001915693283081,0.0003294944763183,0,1,0,0,1,0,0,0,0,1,0,0,0,0,0,0,0,0,0,0,0,0,0,1,0,0,9.777875736975655,sigmoid,2,scale,0.1277927244897746,True,0.0007649776774647,0
qualitative-bankruptcy_1495,4,1.0,0.0014691352844238,0.0004115104675292,1,0,1,0,0,0,0,0,0,0,0,0,0,1,0,0,0,0,0,0,1,0,0,0,0,0,0.8340023954645343,rbf,3,scale,-0.4913665604838415,False,0.0009369160057125,0
qualitative-bankruptcy_1495,0,1.0,0.0014472007751464,0.0002534389495849,1,0,1,0,0,0,1,0,0,0,0,0,0,0,0,0,0,0,0,0,1,0,0,0,0,0,6.640662451078308,rbf,3,auto,0.0534347529171674,True,0.0003859022345884,0
qualitative-bankruptcy_1495,1,1.0,0.0014336109161376,0.0002546310424804,1,0,1,0,0,0,1,0,0,0,0,0,0,0,0,0,0,0,0,0,1,0,0,0,0,0,0.1738206681758978,rbf,3,auto,-0.195258003761792,False,0.0004098122564733,0
qualitative-bankruptcy_1495,2,1.0,0.0016472339630126,0.0002529621124267,1,0,1,0,0,0,1,0,0,0,0,0,0,0,0,0,0,0,0,0,1,0,0,0,0,0,1.5951461480007152,poly,4,0.05532975462762282,0.499466971529847,True,0.0003504101448024,0
qualitative-bankruptcy_1495,0,1.0,0.0019989013671875,0.0003328323364257,0,1,0,0,1,0,0,0,0,1,0,0,0,0,0,0,0,0,0,0,0,0,0,1,0,0,3.1386790903218333,rbf,3,auto,-0.0248453061804723,True,0.0010934114452149,0
qualitative-bankruptcy_1495,4,1.0,0.0017518997192382,0.0002739429473876,1,0,1,0,0,0,1,0,0,0,0,0,0,0,0,0,0,0,0,0,1,0,0,0,0,0,9.426087663868891,poly,3,scale,-0.2654834757203686,False,0.0057498566755582,0
qualitative-bankruptcy_1495,3,1.0,0.0011475086212158,0.0001795291900634,0,1,0,0,1,0,0,0,0,0,1,0,0,0,0,0,0,0,0,0,0,0,0,1,0,0,4.125549724148701,poly,3,scale,-0.7210366335100347,True,0.0009829440875153,0
qualitative-bankruptcy_1495,1,1.0,0.0012269020080566,0.0001745223999023,0,1,0,0,1,0,0,0,0,0,1,0,0,0,0,0,0,0,0,0,0,0,0,1,0,0,0.2022695004651226,sigmoid,3,scale,-0.1204156869911607,False,0.0047726860128699,0
qualitative-bankruptcy_1495,0,1.0,0.001075267791748,0.0001776218414306,0,1,0,0,1,0,0,0,0,0,1,0,0,0,0,0,0,0,0,0,0,0,0,1,0,0,2.5262942977520044,linear,4,scale,-0.235372380577354,False,0.0062436935295101,0
qualitative-bankruptcy_1495,1,1.0,0.0010297298431396,0.0002474784851074,0,1,0,0,1,0,0,0,0,0,0,0,0,0,0,0,0,1,0,0,0,0,0,1,0,0,0.1255436586665256,rbf,3,auto,-0.4729251337473267,True,0.0069592657627694,0
wilt_40983,4,0.9917269906928644,0.0328848361968994,0.0095014572143554,1,0,0,1,0,0,1,0,0,0,0,0,0,0,0,0,0,0,0,0,0,0,1,0,0,0,1.2395287536186332,rbf,3,scale,-0.3735869465145343,True,0.0007880592820123,0
wilt_40983,4,0.9917269906928644,0.0417075157165527,0.013343334197998,1,0,0,0,1,0,1,0,0,0,0,0,0,0,0,0,0,0,0,0,0,0,1,0,0,0,5.778720977860356,linear,4,scale,0.480657641651192,True,0.0021370428118819,0
wilt_40983,4,0.9917269906928644,0.0330886840820312,0.0095722675323486,1,0,1,0,0,0,1,0,0,0,0,0,0,0,0,0,0,0,0,0,0,0,1,0,0,0,0.3455811931501681,rbf,3,0.011659159898688857,-0.0076237032367292,True,0.0002282070418807,0
wilt_40983,4,0.9917269906928644,0.0328187942504882,0.0094313621520996,0,1,0,1,0,0,1,0,0,0,0,0,0,0,0,0,0,0,0,0,0,0,1,0,0,0,0.3423993384790168,rbf,3,auto,0.4864469667580497,False,0.0018822588368717,0
wilt_40983,4,0.9917269906928644,0.0330665111541748,0.0094494819641113,0,1,0,0,1,0,1,0,0,0,0,0,0,0,0,0,0,0,0,0,0,0,1,0,0,0,5.687874981371075,rbf,2,scale,0.0019650798390772,True,0.000115048125533,0
wilt_40983,4,0.9917269906928644,0.0342960357666015,0.0096843242645263,0,1,1,0,0,0,1,0,0,0,0,0,0,0,0,0,0,0,0,0,0,0,1,0,0,0,0.1481037048441958,rbf,2,auto,-0.105541934700326,True,0.0020807135459664,0
wilt_40983,3,0.9907024793388428,0.0365791320800781,0.0102314949035644,1,0,0,1,0,0,1,0,0,0,0,0,0,0,0,0,0,0,0,0,0,0,1,0,0,0,0.3490086678684653,sigmoid,4,0.05040429835701679,0.1656840258529882,True,0.0004729611586516,0
wilt_40983,3,0.9907024793388428,0.0709493160247802,0.0133755207061767,1,0,0,1,0,0,0,0,0,1,0,0,0,0,0,0,0,0,0,0,0,0,1,0,0,0,3.919825977100594,rbf,2,auto,-0.3004021272593601,False,0.0015056676769662,0
wilt_40983,3,0.9907024793388428,0.0921516418457031,0.0240159034729003,1,0,0,0,1,0,0,0,0,0,0,0,1,0,0,0,0,0,0,0,0,0,0,0,1,0,0.1582474966557664,sigmoid,3,scale,-0.0111092899950031,False,0.0001529728527161,0
wilt_40983,3,0.9907024793388428,0.0273036956787109,0.0081782341003417,1,0,0,0,1,0,0,0,0,0,0,1,0,0,0,0,0,0,0,0,0,0,1,0,0,0,1.6542004127467262,linear,4,auto,-0.103480382284747,False,0.0008293686747088,0
wilt_40983,3,0.9907024793388428,0.0291588306427001,0.0098822116851806,0,1,0,1,0,0,0,0,0,0,0,1,0,0,0,0,0,0,0,0,0,0,0,0,1,0,0.1118438681763807,rbf,2,auto,0.6602681437870127,False,0.0020111137019937,0
wilt_40983,3,0.9907024793388428,0.0282137393951416,0.0097908973693847,0,1,0,1,0,0,0,0,0,0,0,0,0,1,0,0,0,0,0,0,0,0,0,0,1,0,0.5878329763820269,linear,3,scale,-0.2458517536095209,True,0.0001745744629908,0
wilt_40983,3,0.9907024793388428,0.0276954174041748,0.0083138942718505,1,0,0,1,0,0,0,0,0,0,0,1,0,0,0,0,0,0,0,0,0,0,1,0,0,0,3.491021708828149,sigmoid,3,scale,-0.0034149596695935,False,0.0004619505872508,0
wilt_40983,3,0.9907024793388428,0.0522944927215576,0.0163934230804443,1,0,0,1,0,0,0,0,0,1,0,0,0,0,0,0,0,0,0,0,0,0,0,0,1,0,4.290356768170033,sigmoid,3,scale,-0.1891917189701986,True,0.0001139224124355,0
wilt_40983,3,0.9907024793388428,0.0834949016571044,0.0243201255798339,0,1,0,0,1,0,0,0,0,0,0,0,1,0,0,0,0,0,0,0,0,0,1,0,0,0,2.516704263616482,linear,3,scale,0.0435554989924791,True,0.0001451064785014,0
wilt_40983,3,0.9907024793388428,0.0483691692352294,0.0136249065399169,0,1,0,0,1,0,0,0,0,1,0,0,0,0,0,0,0,0,0,0,0,0,1,0,0,0,0.2583466651242287,poly,5,0.018184073598520523,-0.6531807592387877,False,0.0002519333740697,0
wilt_40983,3,0.9907024793388428,0.0497970581054687,0.0139007568359375,1,0,0,0,1,0,0,0,0,1,0,0,0,0,0,0,0,0,0,0,0,0,1,0,0,0,2.9276341573159987,linear,3,0.5342668501987528,0.1344592089396121,True,0.0069111537838735,0
wilt_40983,3,0.9907024793388428,0.0842199325561523,0.0245742797851562,1,0,0,0,1,0,0,0,0,0,0,0,1,0,0,0,0,0,0,0,0,0,1,0,0,0,2.5315194452304035,rbf,3,scale,0.8995941288432784,True,0.0080720936899412,0
wilt_40983,3,0.9907024793388428,0.0919504165649414,0.0242295265197753,1,0,0,1,0,0,0,0,0,0,0,0,1,0,0,0,0,0,0,0,0,0,1,0,0,0,5.20662430029414,sigmoid,3,0.06440411277832177,0.3797941755489188,True,0.0003011392894761,0
wilt_40983,3,0.9907024793388428,0.0273687839508056,0.0084621906280517,1,0,0,0,1,0,0,0,0,0,0,0,0,1,0,0,0,0,0,0,0,0,1,0,0,0,6.874985675793297,poly,3,scale,0.1305907402752784,False,0.0025757539875972,0
boston_853,0,0.9509803921568628,0.0039658546447753,0.0010101795196533,1,0,1,0,0,0,1,0,0,0,0,0,0,0,0,0,0,0,0,0,0,0,0,0,0,1,5.314919369366843,rbf,2,scale,-0.1155767010834585,True,0.0029091935955994,0
boston_853,0,0.9509803921568628,0.0039124488830566,0.0009341239929199,1,0,0,0,1,0,1,0,0,0,0,0,0,0,0,0,0,0,0,1,0,0,0,0,0,0,2.091932922462522,rbf,3,scale,0.1820832679174722,False,0.0018053125212542,0
boston_853,0,0.9509803921568628,0.003206729888916,0.0007276535034179,1,0,0,0,1,0,0,0,0,0,1,0,0,0,0,0,0,0,0,0,0,0,0,0,0,1,3.345077536501677,poly,3,scale,0.3992562268154524,False,0.0015677195299914,0
boston_853,0,0.9509803921568628,0.0039393901824951,0.000962495803833,1,0,1,0,0,0,1,0,0,0,0,0,0,0,0,0,0,0,0,1,0,0,0,0,0,0,5.764348973412135,poly,2,scale,0.2786919958582387,True,0.0009559224484028,0
boston_853,0,0.9509803921568628,0.0038659572601318,0.0009803771972656,1,0,0,1,0,0,1,0,0,0,0,0,0,0,0,0,0,0,0,0,1,0,0,0,0,0,0.8495748453498309,rbf,3,auto,-0.07057314284994,True,0.0002494363927559,0
boston_853,0,0.9509803921568628,0.0044319629669189,0.0011005401611328,0,1,0,1,0,0,1,0,0,0,0,0,0,0,0,0,0,0,0,0,1,0,0,0,0,0,0.5762636187062968,poly,4,auto,-0.5128193128128951,True,0.0001893266362089,0
boston_853,0,0.9509803921568628,0.0038402080535888,0.0009377002716064,1,0,0,1,0,0,1,0,0,0,0,0,0,0,0,0,0,0,0,0,0,0,0,0,0,1,0.2627270118364075,rbf,3,scale,-0.5269032800327186,False,0.0005472908513653,0
boston_853,0,0.9509803921568628,0.0037686824798583,0.0009589195251464,0,1,0,1,0,0,1,0,0,0,0,0,0,0,0,0,0,0,0,0,0,0,0,0,1,0,0.3396873148693247,sigmoid,3,scale,-0.2366026125285984,True,0.0002921396023457,0
boston_853,0,0.9509803921568628,0.0038580894470214,0.0009448528289794,1,0,1,0,0,0,1,0,0,0,0,0,0,0,0,0,0,0,0,0,0,0,0,0,1,0,1.2262209819176304,rbf,4,scale,-0.3370598832132256,True,0.0040345033680134,0
boston_853,0,0.9509803921568628,0.0039534568786621,0.0010008811950683,0,1,1,0,0,0,1,0,0,0,0,0,0,0,0,0,0,0,0,0,0,0,0,0,0,1,0.1840043372413297,rbf,3,scale,0.1601935450560246,True,0.001574109346158,0
boston_853,0,0.9509803921568628,0.0041267871856689,0.0010311603546142,1,0,0,0,1,0,1,0,0,0,0,0,0,0,0,0,0,0,0,0,1,0,0,0,0,0,3.926758080000183,sigmoid,3,auto,-0.0883342873558281,True,0.0026503063554999,0
boston_853,0,0.9509803921568628,0.0038206577301025,0.0009126663208007,0,1,0,0,1,0,1,0,0,0,0,0,0,0,0,0,0,0,0,1,0,0,0,0,0,0,0.2227117922665946,rbf,2,0.17390661080716827,0.8652437124039459,False,0.0009844592264681,0
boston_853,0,0.9509803921568628,0.0038654804229736,0.0009300708770751,0,1,0,0,1,0,1,0,0,0,0,0,0,0,0,0,0,0,0,0,1,0,0,0,0,0,0.5352887844151326,poly,5,scale,-0.2051758080295843,True,0.0001688606499292,0
boston_853,0,0.9509803921568628,0.0043277740478515,0.0011310577392578,1,0,0,0,1,0,1,0,0,0,0,0,0,0,0,0,0,0,0,0,0,0,0,0,1,0,0.2002465072382283,linear,2,scale,-0.1290650865154066,True,0.0033427612458572,0
boston_853,0,0.9509803921568628,0.0039522647857666,0.0010809898376464,0,1,0,1,0,0,1,0,0,0,0,0,0,0,0,0,0,0,0,1,0,0,0,0,0,0,5.049171810083815,linear,3,auto,0.2320745891257493,False,0.0016575813131136,0
boston_853,0,0.9509803921568628,0.0038988590240478,0.0009386539459228,0,1,0,0,1,0,1,0,0,0,0,0,0,0,0,0,0,0,0,0,0,0,0,0,1,0,4.085193091239903,linear,3,0.04001663604883954,0.4559402173269601,True,0.0016711273832233,0
boston_853,0,0.9509803921568628,0.0040793418884277,0.0009963512420654,1,0,0,1,0,0,1,0,0,0,0,0,0,0,0,0,0,0,0,0,0,0,0,0,1,0,0.5015266798022247,poly,3,0.011088835039178211,0.1151599306149242,True,0.0003643111171245,0
boston_853,0,0.9509803921568628,0.0032460689544677,0.000751256942749,0,1,1,0,0,0,0,0,0,0,1,0,0,0,0,0,0,0,0,0,0,0,0,0,0,1,0.7178355611869225,sigmoid,4,scale,0.1889932741609007,False,0.0014026428984693,0
boston_853,0,0.9509803921568628,0.0037860870361328,0.0009388923645019,1,0,0,1,0,0,1,0,0,0,0,0,0,0,0,0,0,0,0,1,0,0,0,0,0,0,6.062330010555217,rbf,2,scale,0.1459443444696429,True,0.0064097439529114,0
boston_853,0,0.9509803921568628,0.0037698745727539,0.0009164810180664,0,1,1,0,0,0,1,0,0,0,0,0,0,0,0,0,0,0,0,1,0,0,0,0,0,0,0.1673662785674482,rbf,5,scale,0.0976766523520176,False,0.000582015235357,0
seeds_1499,4,1.0,0.0013012886047363,0.0002343654632568,0,1,1,0,0,1,0,0,0,0,0,0,0,0,0,0,0,0,0,1,0,0,0,0,0,0,7.911447514213555,sigmoid,2,scale,0.2313392352692947,True,0.0014671349127296,0
seeds_1499,4,1.0,0.0128746032714843,0.0018327236175537,0,1,1,0,0,0,0,0,0,0,0,0,0,0,0,1,0,0,0,1,0,0,0,0,0,0,0.304132253851057,rbf,3,auto,-0.4087903074930415,True,0.0001785501386975,0
seeds_1499,4,1.0,0.0133478641510009,0.0019543170928955,0,1,0,0,1,0,0,0,0,0,0,0,0,0,0,1,0,0,0,0,0,0,0,0,1,0,2.0104843770919567,rbf,5,0.5902357527226524,0.0612001641088626,False,0.0005711197795536,0
seeds_1499,4,1.0,0.0130295753479003,0.0018980503082275,1,0,0,1,0,0,0,0,0,0,0,0,0,0,0,1,0,0,0,0,1,0,0,0,0,0,0.653485888783858,rbf,4,0.25595080402300174,0.2313292569913628,True,0.0077961700294452,0
seeds_1499,4,1.0,0.0014519691467285,0.0002264976501464,1,0,0,1,0,0,0,0,0,0,1,0,0,0,0,0,0,0,0,0,0,0,1,0,0,0,0.921215522838816,linear,2,auto,-0.5234476904839421,True,0.0003469185757766,0
seeds_1499,4,1.0,0.0013086795806884,0.0002312660217285,0,1,0,0,1,0,0,0,0,0,1,0,0,0,0,0,0,0,0,0,0,0,0,0,0,1,0.1543285501292303,sigmoid,4,scale,-0.2724770197444068,False,0.0040994170509531,0
seeds_1499,4,1.0,0.0013411045074462,0.0002305507659912,1,0,0,0,1,0,0,0,0,0,1,0,0,0,0,0,0,0,0,0,0,0,0,0,1,0,1.5748883095939823,sigmoid,3,scale,0.1749198429573465,False,0.0065590253731141,0
seeds_1499,4,1.0,0.0012297630310058,0.0002181529998779,1,0,0,0,1,0,0,0,0,0,1,0,0,0,0,0,0,0,0,0,0,0,1,0,0,0,5.081086821184307,sigmoid,3,auto,-0.5493349756783582,False,0.0096665169268095,0
seeds_1499,4,1.0,0.0013022422790527,0.0002276897430419,0,1,0,1,0,1,0,0,0,0,0,0,0,0,0,0,0,0,0,1,0,0,0,0,0,0,0.8149585468219118,linear,2,scale,-0.3348572841416707,True,0.0007132934324166,0
seeds_1499,4,1.0,0.0129053592681884,0.0018427371978759,0,1,0,0,1,0,0,0,0,0,0,0,0,0,0,1,0,0,0,0,1,0,0,0,0,0,3.181220086448603,rbf,3,scale,0.2362399010668613,True,0.0002897819541795,0
seeds_1499,0,1.0,0.001305341720581,0.0002417564392089,1,0,0,0,1,0,0,0,0,0,1,0,0,0,0,0,0,0,0,0,1,0,0,0,0,0,0.4577752802418044,rbf,3,scale,0.3546675892017666,True,0.0011324403298755,0
seeds_1499,4,1.0,0.001357078552246,0.0002338886260986,1,0,1,0,0,1,0,0,0,0,0,0,0,0,0,0,0,0,0,0,0,0,0,0,1,0,1.5482266832714349,rbf,2,scale,0.4512667444486932,True,0.0013397646452334,0
seeds_1499,4,1.0,0.0017094612121582,0.0002756118774414,0,1,1,0,0,0,1,0,0,0,0,0,0,0,0,0,0,0,0,1,0,0,0,0,0,0,0.164183052810605,linear,3,auto,0.1052569666452925,False,0.0044576337269544,0
seeds_1499,4,1.0,0.0013511180877685,0.0002338886260986,0,1,0,1,0,1,0,0,0,0,0,0,0,0,0,0,0,0,0,0,0,0,0,0,1,0,5.791946060755248,poly,4,scale,0.245260086510992,True,0.0001894187135287,0
seeds_1499,4,1.0,0.0131947994232177,0.0018680095672607,1,0,1,0,0,0,0,0,0,0,0,0,0,0,0,1,0,0,0,1,0,0,0,0,0,0,7.676867089382694,rbf,2,auto,0.0130870885160318,False,0.0007043970099053,0
seeds_1499,4,1.0,0.0016729831695556,0.0002748966217041,0,1,0,0,1,0,1,0,0,0,0,0,0,0,0,0,0,0,0,0,1,0,0,0,0,0,6.774542765093818,rbf,3,auto,-0.1585701012994913,True,0.0085116216855668,0
seeds_1499,4,1.0,0.0132412910461425,0.0019505023956298,1,0,1,0,0,0,0,0,0,0,0,0,0,0,0,1,0,0,0,0,0,0,0,0,1,0,0.8179549747430291,poly,4,scale,0.6969904135464978,True,0.0091869867108263,0
seeds_1499,4,1.0,0.001720905303955,0.0002887248992919,0,1,0,1,0,0,1,0,0,0,0,0,0,0,0,0,0,0,0,1,0,0,0,0,0,0,0.1719924627575544,rbf,5,scale,0.3092557152585754,True,0.0015384035173476,0
seeds_1499,4,1.0,0.0012767314910888,0.0002272129058837,1,0,0,1,0,1,0,0,0,0,0,0,0,0,0,0,0,0,0,0,0,0,0,0,1,0,0.9249154897924148,sigmoid,3,auto,-0.527975836817503,False,0.0012851176310213,0
seeds_1499,4,1.0,0.0127573013305664,0.0018093585968017,0,1,0,1,0,0,0,0,0,0,0,0,0,0,0,1,0,0,0,1,0,0,0,0,0,0,1.4214219007233933,sigmoid,2,scale,0.2061906824825794,True,0.0001862046585184,0
analcatdata_gsssexsurvey_852,1,0.84375,0.0024933815002441,0.0005536079406738,0,1,0,1,0,0,0,0,0,0,0,0,1,0,0,0,0,0,0,1,0,0,0,0,0,0,1.3608807606829894,poly,4,auto,0.142246067840233,False,0.0081491242541525,0
analcatdata_gsssexsurvey_852,1,0.84375,0.0012190341949462,0.0002052783966064,0,1,0,1,0,0,0,0,1,0,0,0,0,0,0,0,0,0,0,1,0,0,0,0,0,0,2.0567424373134977,sigmoid,2,scale,0.3863055664556786,False,0.0002338452650431,0
analcatdata_gsssexsurvey_852,1,0.84375,0.0016567707061767,0.0002169609069824,0,1,0,1,0,0,0,0,0,0,1,0,0,0,0,0,0,0,0,1,0,0,0,0,0,0,0.3037508718520052,rbf,3,scale,-0.7308256540165928,True,0.0001189024207721,0
analcatdata_gsssexsurvey_852,1,0.84375,0.0014479160308837,0.0002040863037109,0,1,0,1,0,0,0,1,0,0,0,0,0,0,0,0,0,0,0,1,0,0,0,0,0,0,0.1397469156062387,rbf,5,scale,0.1864647052813385,False,0.0010794709605092,0
analcatdata_gsssexsurvey_852,1,0.84375,0.0020694732666015,0.0004186630249023,0,1,0,1,0,0,0,0,0,0,0,0,0,0,0,0,1,0,0,1,0,0,0,0,0,0,0.6753438123994002,rbf,2,scale,-0.2533825315618482,True,0.0020370233649063,0
analcatdata_gsssexsurvey_852,1,0.84375,0.0082917213439941,0.0015320777893066,0,1,0,1,0,0,0,0,0,0,0,0,0,0,0,1,0,0,0,1,0,0,0,0,0,0,2.0267771388899387,rbf,2,auto,-0.1433608570597372,True,0.0020451045763468,0
analcatdata_gsssexsurvey_852,1,0.84375,0.0019145011901855,0.0003161430358886,0,1,0,1,0,0,0,0,0,1,0,0,0,0,0,0,0,0,0,1,0,0,0,0,0,0,0.3623707380140917,poly,2,scale,0.5458536270067128,False,0.0043107148830204,0
analcatdata_gsssexsurvey_852,1,0.84375,0.0018255710601806,0.000293493270874,0,1,0,1,0,0,0,0,0,0,0,1,0,0,0,0,0,0,0,0,0,0,0,0,1,0,3.0536404061445994,sigmoid,2,scale,0.1705648710111944,True,0.0029110911059827,0
analcatdata_gsssexsurvey_852,1,0.84375,0.0015890598297119,0.0002405643463134,0,1,0,1,0,1,0,0,0,0,0,0,0,0,0,0,0,0,0,1,0,0,0,0,0,0,3.786657437588567,linear,5,scale,0.5655584289971001,True,0.0002576477136942,0
analcatdata_gsssexsurvey_852,1,0.84375,0.0020556449890136,0.000345230102539,0,1,0,1,0,0,0,0,0,1,0,0,0,0,0,0,0,0,0,0,0,0,0,0,0,1,0.3374986802741269,rbf,2,scale,0.1839501219119486,True,0.0073851731608088,0
analcatdata_gsssexsurvey_852,1,0.84375,0.0013823509216308,0.0002384185791015,0,1,0,1,0,0,1,0,0,0,0,0,0,0,0,0,0,0,0,0,0,0,0,0,1,0,1.698297950068579,rbf,3,auto,0.3395823454182456,False,0.0002596629426261,0
analcatdata_gsssexsurvey_852,1,0.84375,0.001511812210083,0.0002045631408691,0,1,0,1,0,0,0,0,0,0,0,0,0,0,0,0,0,0,1,0,0,0,0,0,1,0,0.1189438563628684,poly,3,auto,0.2110583631438635,True,0.0005424314840604,0
analcatdata_gsssexsurvey_852,1,0.84375,0.0014097690582275,0.0002205371856689,0,1,0,1,0,0,0,0,0,0,0,0,0,1,0,0,0,0,0,0,0,0,0,0,1,0,0.8488505437637913,linear,3,scale,-0.1880862583474553,True,0.001506018029429,0
analcatdata_gsssexsurvey_852,1,0.84375,0.0016207695007324,0.0002915859222412,0,1,0,0,1,0,0,0,0,0,0,0,0,0,1,0,0,0,0,0,0,0,1,0,0,0,0.3166081990919721,linear,3,0.025711020558580724,-0.3939670327263421,True,0.0003607869460307,0
analcatdata_gsssexsurvey_852,1,0.84375,0.0024771690368652,0.0005743503570556,0,1,1,0,0,0,0,0,0,0,0,0,1,0,0,0,0,0,0,0,0,0,0,0,0,1,3.3277154277554803,rbf,4,scale,-0.0678216876017151,True,0.0003307891536867,0
analcatdata_gsssexsurvey_852,1,0.84375,0.0088288784027099,0.0016279220581054,0,1,0,0,1,0,0,0,0,0,0,0,0,0,0,1,0,0,0,0,0,0,1,0,0,0,1.1328365986181337,sigmoid,2,scale,0.303856242686821,False,0.0018725738488344,0
analcatdata_gsssexsurvey_852,1,0.84375,0.0016114711761474,0.000227928161621,0,1,0,0,1,0,0,1,0,0,0,0,0,0,0,0,0,0,0,0,0,0,1,0,0,0,2.170003118085673,linear,2,scale,0.2417283721493061,True,0.0095324709204144,0
analcatdata_gsssexsurvey_852,1,0.84375,0.002249002456665,0.0005202293395996,0,1,0,0,1,0,0,0,0,0,0,0,1,0,0,0,0,0,0,0,0,0,1,0,0,0,0.5260923997566229,linear,2,0.06603718883657919,0.0167469344100335,False,0.0003121065130756,0
analcatdata_gsssexsurvey_852,1,0.84375,0.0024576187133789,0.0005450248718261,0,1,0,0,1,0,0,0,0,0,0,0,0,0,0,0,1,0,0,0,0,0,1,0,0,0,1.958434394737126,poly,2,scale,-0.5182310830424937,True,0.0016833013736759,0
analcatdata_gsssexsurvey_852,1,0.84375,0.0013306140899658,0.0002219676971435,0,1,1,0,0,0,0,0,0,0,1,0,0,0,0,0,0,0,0,0,1,0,0,0,0,0,0.1251922834730978,linear,3,scale,0.9308619336865948,True,0.0013582929606679,0
autoUniv-au7-500_1554,0,0.58,0.0076539516448974,0.0016369819641113,0,1,0,1,0,0,0,0,0,0,1,0,0,0,0,0,0,0,0,0,0,0,0,0,0,1,0.3262767694371066,rbf,3,auto,-0.0637016957441182,False,0.0001076670313639,0
autoUniv-au7-500_1554,0,0.58,0.0077183246612548,0.0015957355499267,1,0,0,1,0,0,0,0,0,0,1,0,0,0,0,0,0,0,0,0,0,0,0,0,0,1,0.4980535002487848,linear,3,scale,-0.3581695245399757,False,0.0001238235200392,0
autoUniv-au7-500_1554,1,0.57,0.1388590335845947,0.0188682079315185,1,0,0,1,0,0,0,0,0,0,0,0,0,0,0,1,0,0,0,0,0,1,0,0,0,0,0.8510346778053198,sigmoid,3,scale,-0.0607291654415052,True,0.0077318586125988,0
autoUniv-au7-500_1554,1,0.57,0.1351473331451416,0.0184841156005859,0,1,0,1,0,0,0,0,0,0,0,0,0,0,0,1,0,0,0,0,0,1,0,0,0,0,3.70595600992625,linear,3,0.4985521256964931,0.0666768421042404,True,0.0027914809457477,0
autoUniv-au7-500_1554,1,0.55,0.0235836505889892,0.0059270858764648,0,1,0,0,1,0,0,0,0,0,0,0,1,0,0,0,0,0,0,0,0,0,0,0,0,1,0.4498543989906932,rbf,3,auto,0.1882990894536827,False,0.0002072951540147,0
autoUniv-au7-500_1554,1,0.55,0.0150094032287597,0.0033621788024902,0,1,0,0,1,0,0,0,0,0,0,0,0,0,1,0,0,0,0,1,0,0,0,0,0,0,3.2961539188840447,rbf,4,scale,-0.0887274694706399,True,0.0005088469203481,0
autoUniv-au7-500_1554,1,0.55,0.0226476192474365,0.0050671100616455,1,0,0,0,1,0,0,0,0,0,0,0,1,0,0,0,0,0,0,0,0,0,0,0,0,1,1.2771127788721293,poly,3,auto,-0.019559106902261,False,0.0013553982840494,0
autoUniv-au7-500_1554,1,0.55,0.0151863098144531,0.0034899711608886,1,0,0,0,1,0,0,0,0,0,0,0,0,0,1,0,0,0,0,1,0,0,0,0,0,0,2.132093946406928,sigmoid,3,0.05530587935490184,0.1489275415602255,False,0.002720695557162,0
autoUniv-au7-500_1554,1,0.54,0.0096504688262939,0.0018885135650634,0,1,0,0,1,0,1,0,0,0,0,0,0,0,0,0,0,0,0,1,0,0,0,0,0,0,1.8858047072961863,rbf,4,scale,0.1125828434962573,False,0.0001781517788579,0
autoUniv-au7-500_1554,1,0.54,0.0163486003875732,0.0035235881805419,0,1,0,0,1,0,0,0,0,0,0,0,0,0,1,0,0,0,0,0,0,0,1,0,0,0,0.3411598424332568,sigmoid,3,scale,-0.3235675263766054,True,0.0001030544989671,0
autoUniv-au7-500_1554,1,0.54,0.0072989463806152,0.0015244483947753,1,0,0,1,0,0,0,0,0,0,1,0,0,0,0,0,0,0,0,0,0,0,0,0,0,1,0.646953997237451,poly,2,scale,-0.2042226881629227,True,0.0019859427973512,0
autoUniv-au7-500_1554,1,0.54,0.0159621238708496,0.0033984184265136,1,0,0,0,1,0,0,0,0,0,0,0,0,0,1,0,0,0,0,0,0,0,1,0,0,0,9.697523415304428,rbf,3,scale,0.0055927414469572,True,0.0013546655980462,0
autoUniv-au7-500_1554,1,0.54,0.0095725059509277,0.0017905235290527,1,0,0,0,1,0,1,0,0,0,0,0,0,0,0,0,0,0,0,0,1,0,0,0,0,0,0.1332147187786726,rbf,3,auto,-0.6907302746231769,False,0.0033490336355117,0
autoUniv-au7-500_1554,1,0.54,0.0087795257568359,0.0017371177673339,0,1,0,0,1,1,0,0,0,0,0,0,0,0,0,0,0,0,0,0,0,0,0,0,0,1,0.4413905469884851,rbf,2,scale,-0.1882240131036364,False,0.0002059850143328,0
autoUniv-au7-500_1554,1,0.54,0.0211915969848632,0.0052602291107177,0,1,0,1,0,0,0,0,0,0,0,0,1,0,0,0,0,0,0,1,0,0,0,0,0,0,0.6688329729219035,linear,2,scale,0.16805399033672,True,0.0009821357546007,0
autoUniv-au7-500_1554,1,0.54,0.0140027999877929,0.002265453338623,1,0,0,1,0,0,0,0,0,0,0,1,0,0,0,0,0,0,0,1,0,0,0,0,0,0,0.5172123613850194,sigmoid,5,0.7493800509749596,0.1018905882495708,True,0.0028919488000134,0
autoUniv-au7-500_1554,1,0.54,0.0097978115081787,0.001863956451416,0,1,0,0,1,0,1,0,0,0,0,0,0,0,0,0,0,0,0,0,1,0,0,0,0,0,0.7193626863505591,rbf,3,0.0734223714090341,-0.1168673791178971,False,0.0065632704840266,0
autoUniv-au7-500_1554,1,0.54,0.0097320079803466,0.0019316673278808,0,1,0,0,1,0,0,0,0,0,0,0,0,1,0,0,0,0,0,0,0,0,0,0,0,1,4.700473136464099,sigmoid,2,0.015814597261661324,-0.2017463023834775,False,0.0020766421209206,0
autoUniv-au7-500_1554,1,0.54,0.0206186771392822,0.0050806999206542,1,0,0,1,0,0,0,0,0,0,0,0,1,0,0,0,0,0,0,1,0,0,0,0,0,0,9.024168229653757,linear,4,auto,-0.4075990699800823,True,0.0035179755326441,0
autoUniv-au7-500_1554,1,0.54,0.0195033550262451,0.0066664218902587,0,1,0,1,0,0,0,0,0,0,0,0,0,0,1,0,0,0,0,0,0,0,0,0,1,0,5.093206976307577,rbf,3,scale,-0.4932667443677925,False,0.0001311987530611,0
PizzaCutter1_1443,1,0.9545454545454546,0.0043320655822753,0.0005600452423095,1,0,0,1,0,0,0,0,1,0,0,0,0,0,0,0,0,0,0,0,0,0,0,0,0,1,0.3954988857939863,rbf,3,scale,-0.4554772931885368,True,0.000114341229036,0
PizzaCutter1_1443,1,0.9545454545454546,0.0046024322509765,0.000572919845581,0,1,0,1,0,0,0,0,1,0,0,0,0,0,0,0,0,0,0,1,0,0,0,0,0,0,1.0214028067490315,linear,4,auto,-0.0627701636193765,True,0.0024411567035015,0
PizzaCutter1_1443,1,0.9545454545454546,0.0045571327209472,0.0005559921264648,0,1,0,0,1,0,0,0,1,0,0,0,0,0,0,0,0,0,0,0,0,0,0,0,1,0,1.6745302604632413,poly,2,auto,-0.5951655517180622,False,0.0007614415077987,0
PizzaCutter1_1443,1,0.9545454545454546,0.0047733783721923,0.0006628036499023,1,0,0,0,1,0,0,0,1,0,0,0,0,0,0,0,0,0,0,0,0,0,0,0,0,1,0.1037990953166133,sigmoid,3,scale,-0.33879176478445,False,0.0001072926228978,0
PizzaCutter1_1443,1,0.9545454545454546,0.0043699741363525,0.0005583763122558,1,0,1,0,0,0,0,0,1,0,0,0,0,0,0,0,0,0,0,0,0,0,0,0,1,0,0.1739109593432231,rbf,4,scale,-0.3358055927817471,True,0.0005900175660079,0
PizzaCutter1_1443,1,0.9545454545454546,0.0046689510345458,0.0005927085876464,0,1,0,1,0,0,0,0,1,0,0,0,0,0,0,0,0,0,0,0,0,0,0,0,0,1,1.9074322050790813,poly,2,scale,0.1597760630805628,False,0.0013033005731367,0
PizzaCutter1_1443,1,0.9545454545454546,0.0048513412475585,0.0006649494171142,1,0,0,1,0,0,0,0,1,0,0,0,0,0,0,0,0,0,0,0,0,0,0,0,1,0,1.38039620315567,poly,4,scale,-0.2547157163706706,False,0.0054262897730311,0
PizzaCutter1_1443,1,0.9545454545454546,0.0035421848297119,0.0005843639373779,1,0,1,0,0,0,0,0,0,0,0,0,0,0,0,0,0,1,0,0,1,0,0,0,0,0,1.9533221415066329,linear,2,scale,0.0760384083413792,True,0.0002135117905623,0
PizzaCutter1_1443,1,0.9545454545454546,0.0044906139373779,0.0005643367767333,0,1,1,0,0,0,0,0,1,0,0,0,0,0,0,0,0,0,0,0,0,0,0,0,1,0,5.004539448518157,linear,5,scale,0.0105945687685336,True,0.0067264865038149,0
PizzaCutter1_1443,1,0.9545454545454546,0.0043597221374511,0.0005276203155517,1,0,1,0,0,0,0,0,1,0,0,0,0,0,0,0,0,0,0,1,0,0,0,0,0,0,0.5847763647065571,linear,4,auto,0.3293547392236161,True,0.0001110464479507,0
PizzaCutter1_1443,1,0.9545454545454546,0.004410982131958,0.0005333423614501,0,1,1,0,0,0,0,0,1,0,0,0,0,0,0,0,0,0,0,0,0,0,0,0,0,1,0.1574953286620627,rbf,2,auto,0.3894471930875489,True,0.0006232803710886,0
PizzaCutter1_1443,1,0.9545454545454546,0.0048186779022216,0.0006642341613769,0,1,0,0,1,0,0,0,1,0,0,0,0,0,0,0,0,0,0,1,0,0,0,0,0,0,1.4531230294510349,poly,4,auto,-0.3241704679409271,True,0.0020082636890573,0
PizzaCutter1_1443,1,0.9545454545454546,0.0032825469970703,0.0005896091461181,1,0,0,1,0,0,0,0,0,0,0,0,0,0,0,0,0,1,0,0,1,0,0,0,0,0,4.619290631024678,rbf,5,auto,0.1865896390653292,False,0.0001906700474181,0
PizzaCutter1_1443,1,0.9545454545454546,0.0047011375427246,0.0006012916564941,0,1,0,1,0,0,0,0,1,0,0,0,0,0,0,0,0,0,0,0,0,0,0,0,1,0,0.2912392260313888,sigmoid,3,0.7969485148950515,0.2202865470428533,True,0.0038272303445844,0
PizzaCutter1_1443,1,0.9545454545454546,0.0048565864562988,0.000608205795288,0,1,1,0,0,0,0,0,1,0,0,0,0,0,0,0,0,0,0,1,0,0,0,0,0,0,0.6172571401559828,rbf,5,auto,-0.0962385562642995,False,0.008459752077932,0
PizzaCutter1_1443,1,0.9545454545454546,0.0035130977630615,0.0005609989166259,1,0,0,0,1,0,0,0,0,0,0,0,0,0,0,0,0,1,0,0,1,0,0,0,0,0,0.1424447808989846,rbf,4,scale,0.0379873686581005,True,0.000124142342485,0
PizzaCutter1_1443,1,0.9545454545454546,0.0047709941864013,0.0005757808685302,1,0,1,0,0,0,0,0,1,0,0,0,0,0,0,0,0,0,0,0,1,0,0,0,0,0,0.8452293695692139,linear,3,scale,0.2006913125271731,False,0.0001157611593747,0
PizzaCutter1_1443,1,0.9545454545454546,0.0043551921844482,0.0005221366882324,1,0,0,0,1,0,0,0,1,0,0,0,0,0,0,0,0,0,0,1,0,0,0,0,0,0,0.4353055990279708,linear,2,scale,0.1836293699421742,False,0.0088384067606642,0
PizzaCutter1_1443,1,0.9545454545454546,0.0045850276947021,0.0005567073822021,0,1,0,0,1,0,0,0,1,0,0,0,0,0,0,0,0,0,0,0,1,0,0,0,0,0,2.07192232395252,rbf,5,auto,-0.2531777534777422,True,0.0002619967461604,0
PizzaCutter1_1443,1,0.9545454545454546,0.0050997734069824,0.0007147789001464,1,0,1,0,0,0,0,0,1,0,0,0,0,0,0,0,0,0,0,0,0,0,0,0,0,1,0.610940019042465,poly,3,auto,-0.1469710070912087,True,0.0002310860925815,0
solar-flare_40687,4,0.8075117370892019,0.1862509250640869,0.0428974628448486,0,1,1,0,0,0,0,0,0,0,0,0,0,0,0,1,0,0,0,0,0,1,0,0,0,0,2.5201989370233293,sigmoid,2,0.28744497841987987,-0.1504135714962367,False,0.0003460083744329,0
solar-flare_40687,4,0.8075117370892019,0.1856284141540527,0.04262375831604,1,0,0,0,1,0,0,0,0,0,0,0,0,0,0,1,0,0,0,0,0,1,0,0,0,0,0.2266846248392831,rbf,3,0.08266326513061793,-0.2352016313985565,False,0.0040635858442961,0
solar-flare_40687,4,0.8075117370892019,0.1857256889343261,0.0423409938812255,0,1,0,0,1,0,0,0,0,0,0,0,0,0,0,1,0,0,0,0,0,1,0,0,0,0,3.442118630493339,rbf,3,0.4264168052804953,0.5548811313890119,True,0.0001189304797962,0
solar-flare_40687,4,0.8075117370892019,0.1861269474029541,0.0423319339752197,1,0,1,0,0,0,0,0,0,0,0,0,0,0,0,1,0,0,0,0,0,1,0,0,0,0,0.5971689121997357,rbf,4,auto,0.3032927265945461,True,0.0001677236152273,0
solar-flare_40687,4,0.8075117370892019,0.1963374614715576,0.0426921844482421,0,1,0,1,0,0,0,0,0,0,0,0,0,0,0,1,0,0,0,0,0,1,0,0,0,0,0.9161233326532316,sigmoid,3,auto,0.1674381677741686,True,0.0039759757254085,0
solar-flare_40687,4,0.8075117370892019,0.185211181640625,0.0412182807922363,1,0,0,1,0,0,0,0,0,0,0,0,0,0,0,1,0,0,0,0,0,1,0,0,0,0,0.268031393593654,linear,2,scale,-0.0807681404638763,True,0.0019558137494037,0
solar-flare_40687,4,0.8028169014084507,0.0076336860656738,0.0031805038452148,0,1,1,0,0,0,0,0,0,0,1,0,0,0,0,0,0,0,0,0,0,0,0,0,0,1,3.187676873535529,poly,2,auto,0.0075170538870386,False,0.001512592961502,0
solar-flare_40687,4,0.8028169014084507,0.0073542594909667,0.0032529830932617,0,1,1,0,0,1,0,0,0,0,0,0,0,0,0,0,0,0,0,0,0,0,0,0,1,0,0.3827569100183599,rbf,3,scale,0.4491008656350242,True,0.0006168215049669,0
solar-flare_40687,4,0.8028169014084507,0.0068681240081787,0.0029873847961425,0,1,0,0,1,1,0,0,0,0,0,0,0,0,0,0,0,0,0,0,0,0,1,0,0,0,6.2030694993472615,rbf,2,scale,0.1680469620630702,True,0.0001654924900342,0
solar-flare_40687,4,0.8028169014084507,0.0142066478729248,0.0044667720794677,1,0,0,0,1,0,0,0,0,0,0,0,0,1,0,0,0,0,0,0,0,0,0,1,0,0,0.6183424918662964,rbf,3,0.9596498473248614,-0.3922568272030931,False,0.0001879139510961,0
solar-flare_40687,4,0.8028169014084507,0.0070018768310546,0.003148078918457,1,0,0,0,1,0,0,0,0,0,0,0,0,0,0,0,0,1,0,0,0,0,1,0,0,0,0.9419052176683178,poly,5,0.2153703658963754,0.4005120069861002,False,0.0002434005727584,0
solar-flare_40687,4,0.8028169014084507,0.0072848796844482,0.0032408237457275,1,0,1,0,0,0,0,0,0,0,1,0,0,0,0,0,0,0,0,0,0,0,0,0,0,1,0.8401056029354471,linear,4,0.06537091161457027,-0.0790826988762477,False,0.0027406124866942,0
solar-flare_40687,4,0.8028169014084507,0.0066254138946533,0.0029592514038085,0,1,0,0,1,0,0,0,0,0,0,0,0,0,0,0,0,1,0,0,0,0,1,0,0,0,1.6108897046595383,rbf,5,scale,-0.4748050409022467,False,0.0001302569647113,0
solar-flare_40687,4,0.8028169014084507,0.0069520473480224,0.0029406547546386,0,1,1,0,0,0,0,0,0,0,0,0,0,0,0,0,0,1,0,0,0,0,0,0,1,0,1.5443919322438555,rbf,3,auto,-0.0830652692212401,True,0.0002603313845795,0
solar-flare_40687,4,0.8028169014084507,0.0074701309204101,0.0032987594604492,1,0,0,0,1,0,0,0,0,0,1,0,0,0,0,0,0,0,0,0,0,0,1,0,0,0,1.406463623916086,rbf,2,0.6209231191188819,-0.227715142010896,False,0.0008799830162391,0
solar-flare_40687,4,0.8028169014084507,0.0069577693939208,0.0030193328857421,1,0,0,0,1,1,0,0,0,0,0,0,0,0,0,0,0,0,0,0,0,0,1,0,0,0,0.2182455040300628,rbf,4,scale,-0.404908973078104,False,0.0018342017378741,0
solar-flare_40687,4,0.8028169014084507,0.0073792934417724,0.0033025741577148,0,1,1,0,0,0,0,0,0,0,1,0,0,0,0,0,0,0,0,1,0,0,0,0,0,0,0.3658002694670722,rbf,2,scale,-0.1979440818452492,True,0.000205094052422,0
solar-flare_40687,4,0.8028169014084507,0.0076565742492675,0.0032360553741455,0,1,1,0,0,1,0,0,0,0,0,0,0,0,0,0,0,0,0,1,0,0,0,0,0,0,1.2690064447573417,rbf,3,0.012708296859768514,0.0402992430063246,True,0.0002475116688526,0
solar-flare_40687,4,0.8028169014084507,0.0077381134033203,0.0033707618713378,1,0,0,0,1,1,0,0,0,0,0,0,0,0,0,0,0,0,0,0,0,0,0,0,1,0,9.854081292763082,linear,4,scale,-0.6012707750483872,False,0.0002595301874932,0
solar-flare_40687,4,0.8028169014084507,0.033959150314331,0.013284683227539,1,0,0,0,1,0,0,0,0,0,0,0,1,0,0,0,0,0,0,0,0,0,0,0,1,0,0.5764569892950747,rbf,3,scale,0.081865477804495,True,0.0065325086110344,0
arsenic-female-lung_950,2,1.0,0.0023949146270751,0.0002849102020263,1,0,1,0,0,0,0,0,0,0,0,0,0,0,0,0,0,0,1,0,1,0,0,0,0,0,0.4759368950557018,sigmoid,3,scale,-0.1664934489457986,True,0.0024519280235589,0
arsenic-female-lung_950,2,1.0,0.0023334026336669,0.0003283023834228,1,0,1,0,0,0,1,0,0,0,0,0,0,0,0,0,0,0,0,0,1,0,0,0,0,0,0.5521919011681469,sigmoid,3,scale,0.2497798856110872,False,0.0002901640103643,0
arsenic-female-lung_950,2,1.0,0.0031819343566894,0.0004489421844482,0,1,0,0,1,0,0,0,0,1,0,0,0,0,0,0,0,0,0,0,0,0,0,1,0,0,4.557672578340243,poly,3,scale,0.1253460142684579,True,0.0081297027429574,0
arsenic-female-lung_950,2,1.0,0.0030269622802734,0.0002510547637939,1,0,1,0,0,0,0,0,0,0,0,0,0,0,0,0,0,1,0,0,1,0,0,0,0,0,2.043100643233396,poly,2,auto,-0.4744312666990546,True,0.0009413485968107,0
arsenic-female-lung_950,2,1.0,0.002817153930664,0.0010464191436767,1,0,1,0,0,0,0,0,0,0,0,1,0,0,0,0,0,0,0,0,1,0,0,0,0,0,6.46908762898348,sigmoid,3,auto,-0.0571963776187144,False,0.0014698460398382,0
arsenic-female-lung_950,2,1.0,0.0019752979278564,0.0003278255462646,1,0,1,0,0,0,0,0,0,0,0,0,0,0,1,0,0,0,0,0,1,0,0,0,0,0,0.1697868503119466,rbf,2,auto,0.4636003608190257,False,0.0018351933939794,0
arsenic-female-lung_950,2,1.0,0.0028645992279052,0.0002672672271728,1,0,1,0,0,0,0,0,1,0,0,0,0,0,0,0,0,0,0,0,1,0,0,0,0,0,3.1319134200129333,linear,4,scale,-0.2392066199212209,False,0.0022213754771959,0
arsenic-female-lung_950,2,1.0,0.0020415782928466,0.0003037452697753,0,1,0,0,1,1,0,0,0,0,0,0,0,0,0,0,0,0,0,0,0,0,0,1,0,0,0.721154094036942,poly,3,scale,0.2147580357963664,False,0.0014309969553621,0
arsenic-female-lung_950,2,1.0,0.0022127628326416,0.0003218650817871,1,0,0,0,1,0,1,0,0,0,0,0,0,0,0,0,0,0,0,1,0,0,0,0,0,0,4.808596040422115,rbf,2,auto,0.1740070720989199,True,0.0006265668824198,0
arsenic-female-lung_950,2,1.0,0.00315523147583,0.0004446506500244,1,0,0,0,1,0,0,0,0,0,0,1,0,0,0,0,0,0,0,1,0,0,0,0,0,0,0.2951690796237847,rbf,3,scale,0.0171209538387414,True,0.0002647589122295,0
arsenic-female-lung_950,2,1.0,0.0021121501922607,0.0003635883331298,1,0,0,0,1,0,0,0,0,0,0,0,0,1,0,0,0,0,0,1,0,0,0,0,0,0,0.1828720424306617,linear,4,auto,-0.211880869433304,True,0.0008800007459015,0
arsenic-female-lung_950,2,1.0,0.0031883716583251,0.0005033016204833,1,0,0,0,1,0,0,0,0,1,0,0,0,0,0,0,0,0,0,0,0,0,0,0,0,1,2.9697038724966838,poly,3,auto,0.2567645306471843,True,0.001686548931323,0
arsenic-female-lung_950,2,1.0,0.0031251907348632,0.0002994537353515,1,0,0,0,1,0,0,0,1,0,0,0,0,0,0,0,0,0,0,1,0,0,0,0,0,0,0.3207313159720004,linear,4,scale,0.0893044849036408,False,0.0012062207820507,0
arsenic-female-lung_950,2,1.0,0.0020647048950195,0.0003631114959716,1,0,0,0,1,0,0,0,0,0,0,0,0,0,1,0,0,0,0,1,0,0,0,0,0,0,0.955113066180402,rbf,3,scale,-0.3366260870211725,True,0.0013758861138733,0
arsenic-female-lung_950,2,1.0,0.0029780864715576,0.0002837181091308,1,0,0,0,1,0,0,0,0,0,0,0,0,0,0,0,0,1,0,1,0,0,0,0,0,0,0.2902983249388736,rbf,4,scale,-0.2791290707380087,False,0.0001528369340275,0
arsenic-female-lung_950,2,1.0,0.0020146369934082,0.0002985000610351,1,0,0,0,1,0,0,0,0,0,0,0,0,1,0,0,0,0,0,0,0,0,0,0,0,1,2.065268018343107,poly,3,scale,0.3197806448461727,True,0.0002748261888087,0
arsenic-female-lung_950,2,1.0,0.003054141998291,0.000345230102539,1,0,0,0,1,0,0,0,0,1,0,0,0,0,0,0,0,0,0,0,1,0,0,0,0,0,1.1949878400595992,poly,3,scale,-0.0297933670842062,False,0.0021031837464933,0
arsenic-female-lung_950,2,1.0,0.0029926300048828,0.0002691745758056,1,0,0,0,1,1,0,0,0,0,0,0,0,0,0,0,0,0,0,0,1,0,0,0,0,0,1.223442194617241,rbf,3,0.060622500704568975,-0.4370299459770431,True,0.0026235101351692,0
arsenic-female-lung_950,2,1.0,0.0040159225463867,0.0007774829864501,1,0,0,0,1,0,0,0,0,0,0,0,1,0,0,0,0,0,0,1,0,0,0,0,0,0,2.574606561008709,rbf,3,scale,0.091953197938611,True,0.0003151398228664,0
arsenic-female-lung_950,2,1.0,0.0036597251892089,0.0006835460662841,1,0,0,0,1,0,0,0,0,0,0,0,0,0,0,0,1,0,0,1,0,0,0,0,0,0,0.1213938741342674,sigmoid,2,scale,-0.0942667368270293,False,0.0036110693599574,0
chscase_census3_908,2,0.6125,0.0080263614654541,0.0025122165679931,0,1,1,0,0,0,0,0,0,0,0,0,0,0,0,0,1,0,0,0,1,0,0,0,0,0,0.1176725548777998,poly,3,0.03467953336682329,-0.2102313661688628,True,0.0015016314877404,0
chscase_census3_908,2,0.6125,0.0074386596679687,0.0025012493133544,0,1,0,0,1,0,0,0,0,0,0,0,0,0,0,0,1,0,0,0,1,0,0,0,0,0,0.1599157978059132,poly,4,auto,0.0784578348403623,True,0.0012011213812328,0
chscase_census3_908,2,0.6125,0.0075130462646484,0.0024876594543457,0,1,0,1,0,0,0,0,0,0,0,0,0,0,0,0,1,0,0,0,1,0,0,0,0,0,0.7852446795186714,poly,2,auto,0.4959891002047507,False,0.005043746201365,0
chscase_census3_908,2,0.6125,0.0079095363616943,0.0024771690368652,1,0,0,0,1,0,0,0,0,0,0,0,0,0,0,0,1,0,0,0,1,0,0,0,0,0,0.486203159926739,sigmoid,4,0.8589578048823963,0.0671462777198462,False,0.0081733692326977,0
chscase_census3_908,2,0.6125,0.0073268413543701,0.0023903846740722,1,0,1,0,0,0,0,0,0,0,0,0,0,0,0,0,1,0,0,0,1,0,0,0,0,0,0.3449178772662776,poly,2,scale,-0.0973387713833821,False,0.0016477357667568,0
chscase_census3_908,2,0.6125,0.0076103210449218,0.0025486946105957,1,0,0,1,0,0,0,0,0,0,0,0,0,0,0,0,1,0,0,0,1,0,0,0,0,0,5.82717706449997,rbf,3,auto,-0.3811627642406955,True,0.0004089779037605,0
chscase_census3_908,3,0.6,0.003396987915039,0.0009124279022216,0,1,1,0,0,0,0,1,0,0,0,0,0,0,0,0,0,0,0,0,0,0,0,0,1,0,5.9297238053392665,sigmoid,5,0.3457024789641091,-0.1089124822417614,True,0.0002796093104337,0
chscase_census3_908,3,0.6,0.0033924579620361,0.0009326934814453,1,0,0,0,1,0,0,1,0,0,0,0,0,0,0,0,0,0,0,0,0,0,0,0,1,0,0.2935159454504834,poly,3,auto,0.1217363692801557,True,0.0004226725291388,0
chscase_census3_908,3,0.6,0.0033564567565917,0.0009598731994628,0,1,0,1,0,0,0,1,0,0,0,0,0,0,0,0,0,0,0,0,0,0,0,0,1,0,4.388893895752172,poly,4,scale,0.2682503117795538,True,0.0005617098852809,0
chscase_census3_908,3,0.6,0.0035614967346191,0.0009596347808837,0,1,0,0,1,0,0,1,0,0,0,0,0,0,0,0,0,0,0,0,0,0,0,0,1,0,1.0122701730772563,linear,4,0.2041504229173088,0.2630577899668697,True,0.0058633713285984,0
chscase_census3_908,3,0.6,0.0033884048461914,0.0009119510650634,1,0,0,1,0,0,0,1,0,0,0,0,0,0,0,0,0,0,0,0,0,0,0,0,1,0,4.4893770512375015,poly,3,scale,-0.0756417490993947,True,0.0005341419103126,0
chscase_census3_908,3,0.6,0.0035090446472167,0.0009281635284423,1,0,1,0,0,0,0,1,0,0,0,0,0,0,0,0,0,0,0,0,0,0,0,0,1,0,0.4126607440710637,poly,2,scale,-0.1194967242026959,False,0.0064233246178563,0
chscase_census3_908,2,0.5875,0.0035593509674072,0.0009992122650146,1,0,0,0,1,0,0,1,0,0,0,0,0,0,0,0,0,0,0,0,1,0,0,0,0,0,0.7668804450591452,rbf,4,scale,0.0619653495822248,True,0.0052003846825733,0
chscase_census3_908,2,0.5875,0.0035088062286376,0.0008947849273681,1,0,1,0,0,0,0,0,0,0,1,0,0,0,0,0,0,0,0,0,0,1,0,0,0,0,0.2471284057747984,rbf,5,auto,0.0244761023658263,True,0.0010187191670285,0
chscase_census3_908,2,0.5875,0.0036432743072509,0.0009210109710693,0,1,0,0,1,0,0,1,0,0,0,0,0,0,0,0,0,0,0,0,1,0,0,0,0,0,7.8610883616066065,poly,2,auto,0.6562403438270369,True,0.0003372825355663,0
chscase_census3_908,2,0.5875,0.0036759376525878,0.0009338855743408,1,0,1,0,0,0,0,1,0,0,0,0,0,0,0,0,0,0,0,0,1,0,0,0,0,0,0.4679793141601334,sigmoid,3,auto,0.1648185739565472,True,0.0008866078156164,0
chscase_census3_908,2,0.5875,0.0035607814788818,0.0010344982147216,1,0,0,1,0,0,0,1,0,0,0,0,0,0,0,0,0,0,0,0,1,0,0,0,0,0,0.5887935465182428,rbf,2,0.0614071109278193,0.6925422193428868,True,0.0085195454451752,0
chscase_census3_908,2,0.5875,0.0034186840057373,0.0009450912475585,0,1,0,0,1,0,0,0,0,0,1,0,0,0,0,0,0,0,0,0,0,1,0,0,0,0,1.9460986051329492,rbf,2,auto,-0.2307647229680758,False,0.0003394252195692,0
chscase_census3_908,2,0.5875,0.0035429000854492,0.0009126663208007,0,1,0,1,0,0,0,0,0,0,1,0,0,0,0,0,0,0,0,0,0,1,0,0,0,0,0.1973449574449086,sigmoid,3,scale,0.1506066333010843,False,0.0013891672510502,0
chscase_census3_908,2,0.5875,0.0035414695739746,0.0009427070617675,1,0,0,1,0,0,0,0,0,0,1,0,0,0,0,0,0,0,0,0,0,1,0,0,0,0,0.1222827479024182,rbf,3,scale,0.3142993716264124,True,0.0001272883276045,0
PopularKids_1100,4,0.631578947368421,0.0137116909027099,0.0042135715484619,0,1,0,1,0,0,0,0,0,0,0,0,1,0,0,0,0,0,0,0,0,0,0,0,1,0,0.8693626720349897,sigmoid,2,scale,-0.4478837075109881,True,0.0004196754708285,0
PopularKids_1100,4,0.631578947368421,0.0157697200775146,0.0043528079986572,1,0,0,1,0,0,0,0,0,0,0,0,1,0,0,0,0,0,0,0,0,0,0,0,1,0,0.6483708037070021,sigmoid,4,auto,-0.0583725735577534,True,0.0064737742845914,0
PopularKids_1100,2,0.625,0.0140962600708007,0.0042219161987304,1,0,0,0,1,0,0,0,0,0,0,0,1,0,0,0,0,0,0,0,0,0,1,0,0,0,4.4207767240631215,sigmoid,4,auto,-0.2995659813096573,False,0.0031771960292616,0
PopularKids_1100,2,0.625,0.013195514678955,0.0040798187255859,0,1,0,0,1,0,0,0,0,0,0,0,1,0,0,0,0,0,0,0,0,0,1,0,0,0,0.1244872737550735,linear,2,scale,0.0686302067309274,True,0.0072208648329184,0
PopularKids_1100,3,0.6210526315789474,0.0091581344604492,0.0027930736541748,0,1,0,0,1,0,0,0,0,0,0,0,0,0,0,0,1,0,0,1,0,0,0,0,0,0,0.1301333169392842,sigmoid,4,scale,0.1465441198890179,True,0.0006321884462284,0
PopularKids_1100,3,0.6210526315789474,0.0105860233306884,0.0029613971710205,1,0,0,0,1,0,0,0,0,0,0,0,0,0,0,0,1,0,0,0,0,0,0,0,0,1,2.66495366965561,poly,4,auto,-0.1837842173598048,True,0.0057266143050099,0
PopularKids_1100,4,0.6210526315789474,0.0100128650665283,0.0022332668304443,0,1,0,1,0,0,0,0,0,1,0,0,0,0,0,0,0,0,0,0,0,0,0,0,1,0,2.1627922292914423,rbf,2,auto,-0.1547568060388216,False,0.0022068342635027,0
PopularKids_1100,3,0.6210526315789474,0.0114803314208984,0.0029881000518798,0,1,0,0,1,0,0,0,0,0,0,0,0,0,0,0,1,0,0,0,0,0,0,0,0,1,0.3690040650471604,poly,2,auto,-0.0949009409438075,True,0.0052085444842284,0
PopularKids_1100,4,0.6210526315789474,0.0065746307373046,0.0015931129455566,0,1,0,1,0,0,0,0,0,0,0,0,0,1,0,0,0,0,0,0,0,0,0,0,1,0,0.2780649556842858,rbf,4,0.01392773483318343,0.0607188989153735,False,0.0075602561604485,0
PopularKids_1100,4,0.6210526315789474,0.0107097625732421,0.0022737979888916,1,0,0,1,0,0,0,0,0,1,0,0,0,0,0,0,0,0,0,0,0,0,0,0,1,0,1.3233316308847518,linear,4,scale,0.4598100772499075,False,0.0027923085426472,0
PopularKids_1100,3,0.6210526315789474,0.0094988346099853,0.0027966499328613,1,0,0,0,1,0,0,0,0,0,0,0,0,0,0,0,1,0,0,1,0,0,0,0,0,0,1.7654025270598237,sigmoid,4,scale,0.5743044331459755,False,0.0055522429328214,0
PopularKids_1100,4,0.6210526315789474,0.0065460205078125,0.0015273094177246,1,0,0,1,0,0,0,0,0,0,0,0,0,1,0,0,0,0,0,0,0,0,0,0,1,0,4.98623249022363,poly,3,auto,-0.0627074568732394,False,0.0015509323019816,0
PopularKids_1100,2,0.6145833333333334,0.0791313648223877,0.014902114868164,0,1,0,1,0,0,0,0,0,0,0,0,0,0,0,1,0,0,0,0,0,0,0,1,0,0,0.5341157584104659,linear,3,auto,-0.3313050334417289,True,0.0006971025184826,0
PopularKids_1100,2,0.6145833333333334,0.0812466144561767,0.0149219036102294,1,0,0,1,0,0,0,0,0,0,0,0,0,0,0,1,0,0,0,0,0,0,0,1,0,0,0.2337890480793473,sigmoid,2,scale,0.1628331478272682,False,0.0001969652202169,0
PopularKids_1100,3,0.6105263157894737,0.0054562091827392,0.0012764930725097,0,1,0,1,0,0,0,0,0,0,1,0,0,0,0,0,0,0,0,1,0,0,0,0,0,0,0.1410387931577389,rbf,2,0.7819043865438082,-0.1919299380900353,False,0.0001039681456031,0
PopularKids_1100,3,0.6105263157894737,0.0090723037719726,0.0026006698608398,1,0,0,0,1,0,0,0,0,0,0,0,0,0,0,0,1,0,0,0,0,0,0,1,0,0,0.4676824216308102,rbf,3,0.12455312292878315,-0.1178151723604313,True,0.0003125692577262,0
PopularKids_1100,4,0.6105263157894737,0.0054163932800292,0.001251220703125,0,1,0,0,1,0,0,0,0,0,1,0,0,0,0,0,0,0,0,0,0,0,0,0,0,1,0.4645952503148924,rbf,5,auto,-0.1430270018587382,True,0.0005461102302452,0
PopularKids_1100,4,0.6105263157894737,0.0050880908966064,0.0011425018310546,1,0,0,0,1,0,0,0,0,0,1,0,0,0,0,0,0,0,0,0,0,0,0,0,0,1,8.802198066941125,sigmoid,3,scale,0.3197457197522905,True,0.0004393569985548,0
PopularKids_1100,4,0.6105263157894737,0.0051853656768798,0.0012297630310058,1,0,0,0,1,0,0,0,0,0,1,0,0,0,0,0,0,0,0,0,0,0,1,0,0,0,0.3406869094383233,rbf,3,scale,-0.138456130626,False,0.0062578803129534,0
PopularKids_1100,4,0.6105263157894737,0.0101089477539062,0.002333641052246,0,1,0,1,0,0,0,0,0,1,0,0,0,0,0,0,0,0,0,0,1,0,0,0,0,0,6.114334477565473,rbf,2,scale,-0.1800992155267762,False,0.0002922679919744,0
fri_c0_500_50_888,4,0.94,0.0033960342407226,0.0008401870727539,1,0,0,1,0,1,0,0,0,0,0,0,0,0,0,0,0,0,0,0,0,0,0,0,1,0,4.657185755282383,linear,3,scale,0.156862109556699,True,0.0029142721786797,0
fri_c0_500_50_888,4,0.94,0.0035023689270019,0.0008463859558105,1,0,1,0,0,1,0,0,0,0,0,0,0,0,0,0,0,0,0,0,0,0,0,0,0,1,1.8171568849378203,sigmoid,4,auto,-0.2098070959724728,True,0.0002417377279345,0
fri_c0_500_50_888,4,0.94,0.0040395259857177,0.000972032546997,0,1,1,0,0,1,0,0,0,0,0,0,0,0,0,0,0,0,0,0,0,0,0,0,1,0,0.2257752677032255,rbf,3,0.11929620193988315,-0.0421949725350435,False,0.0059802098405558,0
fri_c0_500_50_888,4,0.94,0.0034594535827636,0.0008316040039062,0,1,1,0,0,1,0,0,0,0,0,0,0,0,0,0,0,0,0,0,1,0,0,0,0,0,0.136361290058412,linear,3,scale,0.472763212074707,True,0.0002302085064694,0
fri_c0_500_50_888,4,0.94,0.0032563209533691,0.0007967948913574,0,1,0,0,1,1,0,0,0,0,0,0,0,0,0,0,0,0,0,1,0,0,0,0,0,0,0.1527242380604253,linear,2,auto,-0.2986448272230541,True,0.0085768433084385,0
fri_c0_500_50_888,4,0.94,0.0035367012023925,0.0008525848388671,0,1,0,1,0,1,0,0,0,0,0,0,0,0,0,0,0,0,0,0,1,0,0,0,0,0,0.100157168860484,rbf,4,scale,0.03353070784813,False,0.000554477489538,0
fri_c0_500_50_888,4,0.94,0.0035831928253173,0.000821828842163,1,0,1,0,0,1,0,0,0,0,0,0,0,0,0,0,0,0,0,0,1,0,0,0,0,0,2.736461599060181,rbf,3,scale,-0.301542371123627,True,0.0049879295868649,0
fri_c0_500_50_888,4,0.94,0.0037953853607177,0.0009005069732666,1,0,0,0,1,1,0,0,0,0,0,0,0,0,0,0,0,0,0,0,0,0,0,0,0,1,0.6895843588763466,rbf,3,scale,0.5032771279677494,True,0.0003221430887899,0
fri_c0_500_50_888,4,0.94,0.0034456253051757,0.0008444786071777,1,0,0,1,0,1,0,0,0,0,0,0,0,0,0,0,0,0,0,0,0,0,0,0,0,1,4.4967454219739045,sigmoid,4,auto,-0.4952249778193338,True,0.002123780093287,0
fri_c0_500_50_888,4,0.94,0.0036358833312988,0.0009045600891113,0,1,0,0,1,1,0,0,0,0,0,0,0,0,0,0,0,0,0,0,1,0,0,0,0,0,0.8096539228414121,linear,3,auto,-0.121279089808259,True,0.0020517086756172,0
fri_c0_500_50_888,4,0.94,0.0034940242767333,0.0008935928344726,0,1,0,0,1,1,0,0,0,0,0,0,0,0,0,0,0,0,0,0,0,0,0,0,1,0,3.863710451337348,poly,2,scale,0.2747685577377931,False,0.0018649203235937,0
fri_c0_500_50_888,4,0.94,0.003469705581665,0.0008609294891357,0,1,0,1,0,1,0,0,0,0,0,0,0,0,0,0,0,0,0,0,0,0,0,0,0,1,2.522721975687768,rbf,4,auto,-0.1789179624096466,True,0.0009558681908705,0
fri_c0_500_50_888,4,0.94,0.0034236907958984,0.0008234977722167,1,0,0,0,1,1,0,0,0,0,0,0,0,0,0,0,0,0,0,0,1,0,0,0,0,0,0.2552461286030377,rbf,2,auto,-0.4095303956810251,False,0.0074823671505534,0
fri_c0_500_50_888,4,0.94,0.0036096572875976,0.0008778572082519,1,0,0,1,0,1,0,0,0,0,0,0,0,0,0,0,0,0,0,0,1,0,0,0,0,0,0.2878547077358267,poly,2,auto,-0.565007682452147,True,0.0008440547051381,0
fri_c0_500_50_888,4,0.94,0.0034432411193847,0.0008022785186767,0,1,0,1,0,1,0,0,0,0,0,0,0,0,0,0,0,0,0,0,0,0,0,0,1,0,0.1232428847762452,sigmoid,5,auto,0.1533654375841278,True,0.0020920313109879,0
fri_c0_500_50_888,4,0.94,0.0034401416778564,0.0008141994476318,1,0,1,0,0,1,0,0,0,0,0,0,0,0,0,0,0,0,0,1,0,0,0,0,0,0,1.21200263629232,rbf,4,scale,-0.1236062876125762,False,0.002150491489715,0
fri_c0_500_50_888,4,0.94,0.0034363269805908,0.0009765625,0,1,0,0,1,1,0,0,0,0,0,0,0,0,0,0,0,0,0,0,0,0,0,0,0,1,0.7250278123751575,rbf,4,scale,0.2609796982539176,True,0.001937096524533,0
fri_c0_500_50_888,4,0.94,0.0034346580505371,0.000889778137207,1,0,0,0,1,1,0,0,0,0,0,0,0,0,0,0,0,0,0,0,0,0,0,0,1,0,5.783444457872647,rbf,3,scale,-0.0191323694625545,False,0.0019867596173189,0
fri_c0_500_50_888,4,0.94,0.0035483837127685,0.000826358795166,1,0,1,0,0,1,0,0,0,0,0,0,0,0,0,0,0,0,0,0,0,0,0,0,1,0,0.1243191877174686,sigmoid,5,scale,-0.1951413525808619,True,0.0003032082585796,0
fri_c0_500_50_888,4,0.94,0.003375768661499,0.0008277893066406,0,1,0,1,0,1,0,0,0,0,0,0,0,0,0,0,0,0,0,1,0,0,0,0,0,0,9.97499746035624,linear,4,scale,0.1348775580892997,True,0.0001464274998706,0
fri_c2_500_50_920,4,0.97,0.0031898021697998,0.0007455348968505,1,0,0,0,1,1,0,0,0,0,0,0,0,0,0,0,0,0,0,1,0,0,0,0,0,0,2.338963806581049,rbf,2,scale,-0.3126671520574571,True,0.0083526611023734,0
fri_c2_500_50_920,4,0.97,0.0033371448516845,0.0007381439208984,0,1,0,1,0,1,0,0,0,0,0,0,0,0,0,0,0,0,0,1,0,0,0,0,0,0,5.007948387405027,poly,3,0.41691732297671547,0.0792328395961149,True,0.0006635384131748,0
fri_c2_500_50_920,4,0.97,0.0030922889709472,0.0007658004760742,1,0,0,0,1,0,0,0,0,0,0,0,0,0,0,0,0,1,0,1,0,0,0,0,0,0,0.2905005088830709,rbf,4,auto,-0.2808840127010754,True,0.0011254207152709,0
fri_c2_500_50_920,4,0.97,0.0032935142517089,0.0008080005645751,1,0,1,0,0,0,0,0,0,0,0,0,0,0,0,0,0,1,0,1,0,0,0,0,0,0,9.382467506452906,sigmoid,4,scale,-0.1133765982405599,False,0.0008794624574231,0
fri_c2_500_50_920,4,0.97,0.0033764839172363,0.0007834434509277,1,0,0,1,0,0,0,0,0,0,0,0,0,0,0,0,0,1,0,1,0,0,0,0,0,0,0.1100759594212986,sigmoid,5,auto,-0.2076899652237803,True,0.0007555704022219,0
fri_c2_500_50_920,4,0.97,0.0032355785369873,0.000751256942749,1,0,0,1,0,1,0,0,0,0,0,0,0,0,0,0,0,0,0,1,0,0,0,0,0,0,0.4363760358800612,poly,2,scale,0.2985461790156934,False,0.006435476813167,0
fri_c2_500_50_920,4,0.97,0.003021240234375,0.0007147789001464,0,1,0,0,1,0,0,0,0,0,0,0,0,0,0,0,0,1,0,1,0,0,0,0,0,0,1.574228055823475,sigmoid,4,scale,0.4355466214233566,True,0.00039807997928,0
fri_c2_500_50_920,4,0.97,0.00337815284729,0.0007622241973876,1,0,1,0,0,1,0,0,0,0,0,0,0,0,0,0,0,0,0,1,0,0,0,0,0,0,0.8271870582346629,rbf,3,scale,0.3620190322450402,False,0.0002033708267804,0
fri_c2_500_50_920,4,0.97,0.0031795501708984,0.0007665157318115,0,1,0,0,1,1,0,0,0,0,0,0,0,0,0,0,0,0,0,1,0,0,0,0,0,0,4.538927427549159,linear,2,scale,0.3900074766216556,True,0.000141597764597,0
fri_c2_500_50_920,4,0.97,0.0033240318298339,0.0007262229919433,0,1,0,1,0,0,0,0,0,0,0,0,0,0,0,0,0,1,0,1,0,0,0,0,0,0,4.843335234236386,rbf,3,auto,0.189281360008178,False,0.0070216035858051,0
fri_c2_500_50_920,4,0.97,0.0030210018157958,0.000718355178833,0,1,1,0,0,0,0,0,0,0,0,0,0,0,0,0,0,1,0,1,0,0,0,0,0,0,0.1607446711500145,rbf,2,auto,-0.2018278259401233,False,0.0017951500756967,0
fri_c2_500_50_920,4,0.97,0.0031604766845703,0.0007529258728027,0,1,1,0,0,1,0,0,0,0,0,0,0,0,0,0,0,0,0,1,0,0,0,0,0,0,2.859292590082988,rbf,2,scale,-0.0839494701941457,False,0.0001564456883038,0
fri_c2_500_50_920,4,0.95,0.0029876232147216,0.0007202625274658,0,1,0,1,0,0,0,0,0,0,0,0,0,0,0,0,0,1,0,0,0,0,0,0,1,0,2.088492828468269,poly,3,auto,0.0322197706967779,True,0.0012800413865459,0
fri_c2_500_50_920,4,0.95,0.0030906200408935,0.0007336139678955,0,1,1,0,0,1,0,0,0,0,0,0,0,0,0,0,0,0,0,0,0,0,0,1,0,0,5.023806145983269,poly,2,0.09271351036205443,0.1456566945604416,True,0.0008545276712137,0
fri_c2_500_50_920,4,0.95,0.0031816959381103,0.0007400512695312,1,0,0,0,1,0,0,0,0,0,0,0,0,0,0,0,0,1,0,0,0,0,1,0,0,0,0.3724238294616125,poly,4,0.10450097326780852,0.2948100637173187,True,0.0084490464568328,0
fri_c2_500_50_920,4,0.95,0.0030593872070312,0.0007288455963134,1,0,0,1,0,1,0,0,0,0,0,0,0,0,0,0,0,0,0,0,0,0,0,0,1,0,7.32304259677908,rbf,3,0.011687553058542464,0.0350728653128439,False,0.0011605000110229,0
fri_c2_500_50_920,4,0.95,0.0029489994049072,0.000680923461914,0,1,0,1,0,0,0,0,0,0,0,0,0,0,0,0,0,1,0,0,1,0,0,0,0,0,0.142824084483521,linear,3,scale,0.1630183217028322,False,0.008462443798043,0
fri_c2_500_50_920,4,0.95,0.0032823085784912,0.000767707824707,0,1,0,0,1,0,0,0,0,0,0,0,0,0,0,0,0,1,0,0,0,0,0,0,0,1,7.503739233353795,rbf,2,scale,0.3294786657542073,True,0.0026996271736341,0
fri_c2_500_50_920,4,0.95,0.0031101703643798,0.0007224082946777,1,0,0,1,0,0,0,0,0,0,0,0,0,0,0,0,0,1,0,0,0,1,0,0,0,0,5.886527670308648,rbf,2,scale,0.0540903063592458,True,0.0025551854575656,0
fri_c2_500_50_920,4,0.95,0.0029184818267822,0.0006816387176513,0,1,0,0,1,1,0,0,0,0,0,0,0,0,0,0,0,0,0,0,0,0,0,0,1,0,0.2946528786543028,poly,2,scale,0.0296067490539596,True,0.000368735843519,0
blood-transfusion-service-center_1464,3,0.87248322147651,0.0072250366210937,0.001781940460205,0,1,0,0,1,0,0,0,0,0,0,1,0,0,0,0,0,0,0,0,0,0,1,0,0,0,0.1006845291180558,sigmoid,3,scale,0.1214334430053389,False,0.0001650609006872,0
blood-transfusion-service-center_1464,3,0.87248322147651,0.0074231624603271,0.0018866062164306,0,1,0,0,1,0,1,0,0,0,0,0,0,0,0,0,0,0,0,0,0,0,1,0,0,0,0.140380271765388,rbf,2,scale,-0.0305070208322147,True,0.0013980545510976,0
blood-transfusion-service-center_1464,3,0.87248322147651,0.0074055194854736,0.0017850399017333,0,1,0,0,1,0,0,0,0,0,0,0,0,1,0,0,0,0,0,0,0,0,1,0,0,0,4.574561327674489,rbf,3,scale,0.0956876754763776,True,0.0008298848544348,0
blood-transfusion-service-center_1464,3,0.87248322147651,0.0121576786041259,0.0028431415557861,1,0,0,1,0,0,0,0,0,1,0,0,0,0,0,0,0,0,0,0,0,0,1,0,0,0,0.7005664162550143,rbf,3,scale,-0.1011266335131999,True,0.0080137136898221,0
blood-transfusion-service-center_1464,3,0.87248322147651,0.0807788372039794,0.0185391902923584,0,1,0,0,1,0,0,0,0,0,0,0,0,0,0,1,0,0,0,0,0,1,0,0,0,0,2.145424511135327,sigmoid,2,scale,-0.15958669381401,True,0.0002499179104967,0
blood-transfusion-service-center_1464,3,0.87248322147651,0.0067315101623535,0.0018439292907714,0,1,0,0,1,0,1,0,0,0,0,0,0,0,0,0,0,0,0,0,0,0,0,0,1,0,2.35960015161283,linear,3,scale,-0.6511613512440679,False,0.000234062285591,0
blood-transfusion-service-center_1464,3,0.87248322147651,0.0073733329772949,0.0018422603607177,1,0,0,1,0,0,1,0,0,0,0,0,0,0,0,0,0,0,0,0,0,0,1,0,0,0,2.404006838470139,rbf,3,scale,0.0666583368415373,True,0.0002238378498086,0
blood-transfusion-service-center_1464,3,0.87248322147651,0.0106871128082275,0.0021789073944091,1,0,0,1,0,0,0,0,0,0,0,1,0,0,0,0,0,0,0,0,0,0,1,0,0,0,0.1069808809954316,poly,3,0.033775468454691544,-0.407078763833664,False,0.0002153045809277,0
blood-transfusion-service-center_1464,3,0.87248322147651,0.0071711540222167,0.0017669200897216,0,1,1,0,0,0,0,0,0,0,0,0,0,1,0,0,0,0,0,0,0,0,1,0,0,0,0.1446024106778904,poly,4,scale,0.1970984783675765,True,0.0004221812153239,0
blood-transfusion-service-center_1464,3,0.87248322147651,0.0806076526641845,0.0186460018157959,0,1,1,0,0,0,0,0,0,0,0,0,0,0,0,1,0,0,0,0,0,1,0,0,0,0,0.391698657134716,rbf,3,auto,-0.1729152264882612,True,0.0011966187380012,0
blood-transfusion-service-center_1464,3,0.87248322147651,0.0194814205169677,0.0062322616577148,0,1,1,0,0,0,0,0,0,0,0,0,1,0,0,0,0,0,0,0,0,0,0,0,0,1,2.900621791087182,sigmoid,4,0.016563698447025557,0.2013583038728509,False,0.0053645189587131,0
blood-transfusion-service-center_1464,3,0.87248322147651,0.0072779655456542,0.0018258094787597,1,0,0,1,0,0,0,0,0,0,0,0,0,1,0,0,0,0,0,0,0,0,1,0,0,0,1.012311819035554,linear,4,scale,0.3289550567824082,True,0.0079033922168167,0
blood-transfusion-service-center_1464,3,0.87248322147651,0.0192949771881103,0.0061860084533691,0,1,1,0,0,0,0,0,0,0,0,0,1,0,0,0,0,0,0,0,0,0,0,0,1,0,1.0009471789888469,poly,2,scale,-0.1359397379995475,True,0.0048753889552694,0
blood-transfusion-service-center_1464,3,0.87248322147651,0.0066676139831542,0.0018608570098876,0,1,1,0,0,0,1,0,0,0,0,0,0,0,0,0,0,0,0,0,0,0,0,0,1,0,0.3842785815084219,linear,4,auto,-0.1162643664922676,False,0.0002964448397468,0
blood-transfusion-service-center_1464,3,0.87248322147651,0.0119729042053222,0.0027894973754882,0,1,1,0,0,0,0,0,0,1,0,0,0,0,0,0,0,0,0,0,0,0,1,0,0,0,2.6827749369861547,rbf,2,auto,-0.2222699785704787,True,0.0008686871163913,0
blood-transfusion-service-center_1464,3,0.87248322147651,0.007312536239624,0.0017986297607421,0,1,1,0,0,0,1,0,0,0,0,0,0,0,0,0,0,0,0,0,0,0,1,0,0,0,0.4473383435449891,rbf,3,auto,-0.3428466510138374,False,0.0001860641282277,0
blood-transfusion-service-center_1464,3,0.87248322147651,0.0188636779785156,0.00626802444458,0,1,0,0,1,0,0,0,0,0,0,0,1,0,0,0,0,0,0,0,0,0,0,0,0,1,1.2050898533263643,poly,2,auto,-0.3423890937286159,False,0.0021196022119359,0
blood-transfusion-service-center_1464,3,0.87248322147651,0.0068128108978271,0.0018270015716552,1,0,1,0,0,0,1,0,0,0,0,0,0,0,0,0,0,0,0,0,0,0,0,0,1,0,2.683910981662986,rbf,2,scale,-0.1710552834610369,True,0.0001118399825246,0
blood-transfusion-service-center_1464,3,0.87248322147651,0.0189599990844726,0.0062227249145507,1,0,1,0,0,0,0,0,0,0,0,0,1,0,0,0,0,0,0,0,0,0,0,0,0,1,1.6560609321318258,linear,3,scale,-0.1405542377873386,False,0.0005385414158868,0
blood-transfusion-service-center_1464,3,0.87248322147651,0.0071327686309814,0.0018982887268066,0,1,1,0,0,0,0,0,0,0,0,1,0,0,0,0,0,0,0,0,0,0,1,0,0,0,0.3323253557513057,linear,3,scale,0.2162244858055266,True,0.0019128649318132,0
abalone_183,0,0.3110047846889952,0.3254399299621582,0.1422553062438964,1,0,0,0,1,0,0,0,0,0,1,0,0,0,0,0,0,0,0,0,0,0,0,0,1,0,1.3055017598347511,rbf,2,scale,-0.1589718718823827,True,0.0032119232354751,0
abalone_183,0,0.3110047846889952,0.585181713104248,0.2315285205841064,1,0,0,1,0,0,0,0,0,0,0,0,0,0,1,0,0,0,0,0,0,0,0,0,0,1,0.5351874031551609,sigmoid,5,scale,0.0108675459823242,True,0.008068510274335,0
abalone_183,0,0.3110047846889952,0.3547167778015136,0.1551125049591064,0,1,0,0,1,0,0,0,0,0,1,0,0,0,0,0,0,0,0,0,0,0,0,0,1,0,0.1219519904767243,rbf,4,scale,0.5459049355683492,True,0.0032553820346871,0
abalone_183,0,0.3110047846889952,0.6186313629150391,0.246713638305664,0,1,0,1,0,0,0,0,0,0,0,0,0,0,1,0,0,0,0,0,0,0,0,0,0,1,0.2337656338360441,rbf,4,0.013888646015759402,0.5231709468776851,False,0.0004106978364677,0
abalone_183,0,0.3098086124401913,0.3474946022033691,0.1462988853454589,0,1,0,0,1,0,0,0,0,0,1,0,0,0,0,0,0,0,0,0,0,0,0,0,0,1,2.579628225398896,rbf,2,0.042188378394750155,-0.2631866874831896,True,0.0019043813923091,0
abalone_183,0,0.3098086124401913,0.3369572162628174,0.1472415924072265,1,0,0,0,1,0,0,0,0,0,1,0,0,0,0,0,0,0,0,0,0,0,0,0,0,1,0.9803689374417516,rbf,3,scale,0.4206512141773462,True,0.003049217001497,0
abalone_183,0,0.3086124401913875,0.3347406387329101,0.150989294052124,1,0,0,0,1,0,0,0,0,0,1,0,0,0,0,0,0,0,0,1,0,0,0,0,0,0,0.2960253693343494,linear,3,auto,-0.1569908994704316,True,0.0034916968967992,0
abalone_183,0,0.3086124401913875,0.3278481960296631,0.1472728252410888,0,1,0,0,1,0,0,0,0,0,1,0,0,0,0,0,0,0,0,1,0,0,0,0,0,0,0.1270304709282312,rbf,3,scale,0.0024861410072101,True,0.0001586028151269,0
abalone_183,0,0.3074162679425837,0.3617200851440429,0.1518576145172119,0,1,0,1,0,0,0,0,0,0,1,0,0,0,0,0,0,0,0,0,0,0,0,0,0,1,0.749716639418547,poly,2,auto,-0.0777033641513024,True,0.0034257793346782,0
abalone_183,0,0.3074162679425837,0.3298439979553222,0.1378116607666015,1,0,0,1,0,0,0,0,0,0,1,0,0,0,0,0,0,0,0,0,0,0,0,0,0,1,0.4383085674151133,rbf,3,auto,0.4368445749450007,False,0.0001748984659297,0
abalone_183,0,0.3062200956937799,0.3757779598236084,0.1565682888031005,0,1,0,1,0,0,0,0,0,0,0,1,0,0,0,0,0,0,0,0,0,0,1,0,0,0,0.5654366024333539,poly,3,auto,0.4409654564510216,False,0.0019483310575504,0
abalone_183,0,0.3062200956937799,0.3790414333343506,0.1600916385650634,1,0,0,1,0,0,0,0,0,0,0,1,0,0,0,0,0,0,0,0,0,0,1,0,0,0,0.3650761487457714,poly,3,auto,-0.6527110835041938,False,0.0032565595725623,0
abalone_183,0,0.3062200956937799,0.385481595993042,0.1585791110992431,1,0,0,1,0,0,0,0,0,0,0,0,0,1,0,0,0,0,0,0,0,0,1,0,0,0,9.031252938811802,linear,2,0.04105725835152882,0.3444290287773589,False,0.005937664863706,0
abalone_183,0,0.3062200956937799,0.7942638397216797,0.2887725830078125,0,1,0,1,0,0,0,0,0,0,0,0,1,0,0,0,0,0,0,0,0,0,0,0,0,1,4.20265207097797,sigmoid,3,scale,0.1201502127829235,False,0.0001150386741405,0
abalone_183,0,0.3062200956937799,0.4208474159240722,0.1507666110992431,0,1,0,1,0,0,0,0,0,1,0,0,0,0,0,0,0,0,0,0,0,0,1,0,0,0,0.4245275013297803,linear,3,auto,0.4660222967613823,False,0.0059064504342276,0
abalone_183,0,0.3062200956937799,0.8619515895843506,0.3062899112701416,1,0,0,1,0,0,0,0,0,0,0,0,1,0,0,0,0,0,0,0,0,0,0,0,0,1,1.1872030783053524,linear,4,0.17069108649571235,-0.0885620056852023,True,0.0009570761712071,0
abalone_183,0,0.3062200956937799,0.3862054347991943,0.1562371253967285,0,1,0,1,0,0,0,0,0,0,0,0,0,1,0,0,0,0,0,0,0,0,1,0,0,0,1.3541949736569066,poly,2,0.012511836801720994,0.3628968741629405,True,0.005114275581258,0
abalone_183,0,0.3062200956937799,0.4439394474029541,0.1553506851196289,1,0,0,1,0,0,0,0,0,1,0,0,0,0,0,0,0,0,0,0,0,0,1,0,0,0,0.2681636625988789,rbf,2,0.5642959443006443,0.1057745536165075,False,0.0007848355877294,0
abalone_183,0,0.3050239234449761,0.3978652954101562,0.1613569259643554,1,0,0,1,0,0,0,0,0,0,0,0,0,1,0,0,0,0,0,0,0,0,0,0,0,1,3.5268192839769785,sigmoid,3,auto,-0.3436052943213708,True,0.0002649463138971,0
abalone_183,0,0.3050239234449761,0.4373395442962646,0.1634488105773925,1,0,0,1,0,0,0,0,0,1,0,0,0,0,0,0,0,0,0,0,0,0,0,0,0,1,5.387778717121741,linear,4,scale,-0.0754881676730393,True,0.0009417591256995,0
fri_c1_1000_50_837,1,0.94,0.0093395709991455,0.002518892288208,1,0,0,1,0,1,0,0,0,0,0,0,0,0,0,0,0,0,0,0,0,0,1,0,0,0,1.679343680763195,rbf,2,scale,0.1596521562501167,True,0.0024754029016852,0
fri_c1_1000_50_837,1,0.94,0.014869213104248,0.0033636093139648,1,0,0,0,1,1,0,0,0,0,0,0,0,0,0,0,0,0,0,0,0,0,1,0,0,0,5.392153338380006,rbf,4,scale,0.2223479251062539,True,0.0073308404472031,0
fri_c1_1000_50_837,1,0.94,0.010094404220581,0.0027532577514648,1,0,1,0,0,1,0,0,0,0,0,0,0,0,0,0,0,0,0,0,0,0,1,0,0,0,1.5105239408735267,sigmoid,4,0.02438359907586972,0.0680108506307776,False,0.0013558244787708,0
fri_c1_1000_50_837,1,0.94,0.01039719581604,0.0027968883514404,0,1,1,0,0,1,0,0,0,0,0,0,0,0,0,0,0,0,0,0,0,0,1,0,0,0,1.3666955979879682,sigmoid,2,auto,0.3327943609273711,True,0.0013720609253139,0
fri_c1_1000_50_837,1,0.94,0.0095157623291015,0.0026099681854248,0,1,0,0,1,1,0,0,0,0,0,0,0,0,0,0,0,0,0,0,0,0,1,0,0,0,1.0775293504028165,rbf,4,scale,0.018415952759448,True,0.0003025111756362,0
fri_c1_1000_50_837,1,0.94,0.0097298622131347,0.0026948451995849,0,1,0,1,0,1,0,0,0,0,0,0,0,0,0,0,0,0,0,0,0,0,1,0,0,0,0.626858079345755,rbf,2,scale,0.1196414673940199,False,0.0033263382330358,0
fri_c1_1000_50_837,1,0.935,0.0101149082183837,0.0025713443756103,1,0,0,0,1,1,0,0,0,0,0,0,0,0,0,0,0,0,0,0,0,0,0,0,0,1,1.3056778014920465,linear,3,0.179697960467331,-0.0697852746051455,True,0.0002970527114407,0
fri_c1_1000_50_837,2,0.935,0.0112667083740234,0.0030658245086669,1,0,0,0,1,1,0,0,0,0,0,0,0,0,0,0,0,0,0,1,0,0,0,0,0,0,7.981675846452282,rbf,3,auto,-0.4282393010561697,False,0.0011093430978746,0
fri_c1_1000_50_837,2,0.935,0.0102345943450927,0.0028343200683593,1,0,0,1,0,1,0,0,0,0,0,0,0,0,0,0,0,0,0,1,0,0,0,0,0,0,5.666944902850682,sigmoid,3,scale,-0.5113046785491068,True,0.0002490523317475,0
fri_c1_1000_50_837,2,0.935,0.0096387863159179,0.0026953220367431,1,0,0,1,0,1,0,0,0,0,0,0,0,0,0,0,0,0,0,0,0,0,1,0,0,0,0.8985965682421301,sigmoid,3,scale,-0.3252393908814488,False,0.0011039635387904,0
fri_c1_1000_50_837,1,0.935,0.0096981525421142,0.0025534629821777,0,1,0,1,0,1,0,0,0,0,0,0,0,0,0,0,0,0,0,0,1,0,0,0,0,0,0.2186511600454297,linear,4,auto,0.3294267567072664,False,0.0017983437465906,0
fri_c1_1000_50_837,2,0.935,0.0108757019042968,0.0025930404663085,0,1,0,1,0,1,0,0,0,0,0,0,0,0,0,0,0,0,0,0,1,0,0,0,0,0,0.68693190114709,rbf,4,auto,0.2421525076092971,True,0.0038583285854438,0
fri_c1_1000_50_837,1,0.935,0.0101833343505859,0.0027005672454833,1,0,1,0,0,1,0,0,0,0,0,0,0,0,0,0,0,0,0,0,0,0,0,0,1,0,2.50738170531799,sigmoid,3,0.2624311115919401,0.3602677023843378,False,0.0037260920126244,0
fri_c1_1000_50_837,2,0.935,0.0094640254974365,0.0025784969329833,0,1,0,1,0,1,0,0,0,0,0,0,0,0,0,0,0,0,0,0,0,0,0,0,1,0,0.1789512114293232,rbf,2,scale,0.0805037192089411,False,0.0013355769730621,0
fri_c1_1000_50_837,1,0.935,0.0106070041656494,0.0027570724487304,0,1,0,0,1,1,0,0,0,0,0,0,0,0,0,0,0,0,0,0,1,0,0,0,0,0,0.468486175644303,rbf,2,auto,0.1462072153948344,True,0.0022828875460555,0
fri_c1_1000_50_837,2,0.935,0.0106570720672607,0.0027976036071777,0,1,0,0,1,1,0,0,0,0,0,0,0,0,0,0,0,0,0,0,1,0,0,0,0,0,4.439861489517267,linear,3,scale,0.2736362483997437,False,0.0075447752981049,0
fri_c1_1000_50_837,2,0.935,0.009505271911621,0.002587080001831,1,0,0,1,0,1,0,0,0,0,0,0,0,0,0,0,0,0,0,0,0,0,0,0,1,0,0.8320541816634033,linear,3,auto,0.0880379869762167,True,0.0021393747028124,0
fri_c1_1000_50_837,1,0.935,0.0092852115631103,0.0024831295013427,0,1,0,1,0,1,0,0,0,0,0,0,0,0,0,0,0,0,0,0,0,0,0,0,1,0,0.9232159502398288,sigmoid,3,scale,-0.0268248221414551,False,0.0003915490079186,0
fri_c1_1000_50_837,1,0.935,0.0101549625396728,0.0026338100433349,1,0,1,0,0,1,0,0,0,0,0,0,0,0,0,0,0,0,0,0,0,0,0,0,0,1,0.552509139903579,rbf,4,scale,-0.2688798969766881,True,0.0058997832291209,0
fri_c1_1000_50_837,1,0.935,0.0093681812286376,0.0024840831756591,0,1,0,0,1,1,0,0,0,0,0,0,0,0,0,0,0,0,0,0,0,0,0,0,1,0,2.154633623073313,sigmoid,3,0.031191351329743718,-0.075938981911492,True,0.0016211685062523,0
arsenic-female-bladder_949,0,0.9107142857142856,0.0040948390960693,0.0007843971252441,0,1,0,0,1,0,1,0,0,0,0,0,0,0,0,0,0,0,0,0,0,0,0,1,0,0,0.3740962569926105,rbf,2,0.4266734956430967,0.3529162420820818,False,0.0001156726545163,0
arsenic-female-bladder_949,0,0.9107142857142856,0.0090556144714355,0.0010747909545898,1,0,0,1,0,0,0,0,0,1,0,0,0,0,0,0,0,0,0,0,0,0,0,1,0,0,0.1305818982481506,linear,4,scale,0.213801573792739,False,0.0098587491253123,0
arsenic-female-bladder_949,0,0.9107142857142856,0.0086750984191894,0.0011472702026367,1,0,1,0,0,0,0,0,0,0,0,1,0,0,0,0,0,0,0,0,0,0,0,1,0,0,6.530845309262593,rbf,2,scale,0.1129848971498737,True,0.0002467181431482,0
arsenic-female-bladder_949,0,0.9107142857142856,0.0093281269073486,0.0022790431976318,1,0,0,0,1,0,0,0,0,0,0,0,0,0,0,0,1,0,0,0,0,0,0,1,0,0,0.1718242595638363,poly,3,scale,-0.2008855466518671,False,0.0003186984584687,0
arsenic-female-bladder_949,0,0.9107142857142856,0.0064818859100341,0.0022156238555908,0,1,0,1,0,0,0,0,0,1,0,0,0,0,0,0,0,0,0,0,0,0,0,1,0,0,2.6838906775047526,poly,3,scale,-0.3125925601311203,True,0.0036593662702964,0
arsenic-female-bladder_949,0,0.9107142857142856,0.0095217227935791,0.0021901130676269,1,0,1,0,0,0,0,0,0,0,0,0,1,0,0,0,0,0,0,0,0,0,0,1,0,0,0.9840576182710062,sigmoid,2,auto,0.5116480559547012,False,0.002874875271615,0
arsenic-female-bladder_949,0,0.9107142857142856,0.0093855857849121,0.0045437812805175,0,1,0,1,0,0,0,0,0,0,0,0,0,0,0,0,1,0,0,0,0,0,0,1,0,0,3.321608950326564,rbf,3,auto,-0.259232513825231,True,0.0006230846071457,0
arsenic-female-bladder_949,0,0.9107142857142856,0.0088014602661132,0.0022592544555664,1,0,0,1,0,0,0,0,0,0,0,0,0,0,0,0,1,0,0,0,0,0,0,1,0,0,2.8471700597086405,poly,4,0.182677422150629,0.0420576387907021,True,0.0026121706352267,0
arsenic-female-bladder_949,0,0.9107142857142856,0.0102667808532714,0.0022675991058349,0,1,0,1,0,0,0,0,0,0,0,0,1,0,0,0,0,0,0,0,0,0,0,1,0,0,1.8067187563547111,poly,3,scale,0.5511216370435638,True,0.0025768005257598,0
arsenic-female-bladder_949,0,0.9107142857142856,0.0090322494506835,0.0022275447845458,1,0,0,1,0,0,0,0,0,0,0,0,1,0,0,0,0,0,0,0,0,0,0,1,0,0,0.1415450287663442,rbf,4,auto,-0.1489827709152982,False,0.0059415639822912,0
arsenic-female-bladder_949,0,0.9107142857142856,0.0046703815460205,0.0009765625,0,1,0,1,0,0,0,0,0,0,0,0,0,1,0,0,0,0,0,0,0,0,0,1,0,0,0.3676483022970022,rbf,2,0.022354295803587908,-0.2730578433336692,True,0.0087573157390433,0
arsenic-female-bladder_949,0,0.9107142857142856,0.0087223052978515,0.0021636486053466,1,0,1,0,0,0,0,0,0,0,0,0,0,0,0,0,1,0,0,0,0,0,0,1,0,0,0.7174014643998612,rbf,4,scale,0.4760683978342638,False,0.0001718192846034,0
arsenic-female-bladder_949,0,0.9107142857142856,0.0041267871856689,0.0006885528564453,1,0,1,0,0,0,0,0,0,0,0,0,0,1,0,0,0,0,0,0,0,0,0,1,0,0,0.1113919210322875,rbf,4,auto,0.1401474838500672,True,0.0003098634765081,0
arsenic-female-bladder_949,0,0.9107142857142856,0.0040948390960693,0.0007567405700683,1,0,0,0,1,0,1,0,0,0,0,0,0,0,0,0,0,0,0,0,0,0,0,1,0,0,8.599090417363618,sigmoid,3,scale,0.3559794522852043,True,0.0002834884046453,0
arsenic-female-bladder_949,0,0.9107142857142856,0.007129430770874,0.0010144710540771,0,1,0,1,0,0,0,0,0,0,0,1,0,0,0,0,0,0,0,0,0,0,0,1,0,0,0.2634558073190644,sigmoid,4,0.19715071610444065,0.1938911904169864,True,0.0043079217358622,0
arsenic-female-bladder_949,0,0.9107142857142856,0.0041379928588867,0.0007262229919433,1,0,1,0,0,0,1,0,0,0,0,0,0,0,0,0,0,0,0,0,0,0,0,1,0,0,9.660336135690455,sigmoid,4,scale,0.1758529987800055,False,0.0028475348948146,0
arsenic-female-bladder_949,0,0.9107142857142856,0.0042855739593505,0.0007061958312988,1,0,0,1,0,0,0,0,0,0,0,0,0,1,0,0,0,0,0,0,0,0,0,1,0,0,0.2677989355975852,sigmoid,3,auto,-0.6630493731394145,True,0.0001795811162265,0
arsenic-female-bladder_949,0,0.9107142857142856,0.0064585208892822,0.0011041164398193,1,0,0,1,0,0,0,0,0,0,0,1,0,0,0,0,0,0,0,0,0,0,0,1,0,0,2.5240958002763008,sigmoid,3,auto,-0.1353091380438421,False,0.0002915500643426,0
arsenic-female-bladder_949,0,0.9107142857142856,0.0071291923522949,0.001101016998291,1,0,0,0,1,0,0,0,0,1,0,0,0,0,0,0,0,0,0,0,0,0,0,1,0,0,0.98009330876492,linear,2,scale,-0.6494850555931843,False,0.0011431678409964,0
arsenic-female-bladder_949,0,0.9107142857142856,0.0096058845520019,0.0021760463714599,1,0,0,0,1,0,0,0,0,0,0,0,1,0,0,0,0,0,0,0,0,0,0,1,0,0,0.3761626482129634,sigmoid,4,auto,0.3211938955877819,True,0.0009441699250986,0
PizzaCutter3_1444,0,0.9043062200956936,0.0137052536010742,0.0056686401367187,0,1,0,1,0,0,1,0,0,0,0,0,0,0,0,0,0,0,0,1,0,0,0,0,0,0,2.8548246762487173,linear,3,scale,0.2640368069841392,False,0.0099029694171767,0
PizzaCutter3_1444,0,0.9043062200956936,0.0140249729156494,0.0036714076995849,0,1,0,0,1,0,1,0,0,0,0,0,0,0,0,0,0,0,0,0,0,0,0,0,1,0,1.3270282126991118,rbf,4,scale,-0.2412266181325323,True,0.001829984588798,0
PizzaCutter3_1444,0,0.9043062200956936,0.0229337215423584,0.0062110424041748,0,1,1,0,0,0,1,0,0,0,0,0,0,0,0,0,0,0,0,0,0,0,0,0,1,0,2.0957181088711616,rbf,2,0.0400238376134413,-0.4061410705139291,True,0.0001924282520896,0
PizzaCutter3_1444,0,0.9043062200956936,0.0136539936065673,0.0036921501159667,0,1,1,0,0,0,1,0,0,0,0,0,0,0,0,0,0,0,0,0,0,0,0,0,0,1,1.2073828632086467,poly,2,scale,0.0473042239383154,True,0.0053021120287321,0
PizzaCutter3_1444,0,0.9043062200956936,0.0129766464233398,0.0034019947052001,1,0,1,0,0,0,1,0,0,0,0,0,0,0,0,0,0,0,0,0,0,0,0,0,1,0,0.1447971259908968,poly,3,scale,-0.0252501285165752,False,0.0002252010259256,0
PizzaCutter3_1444,0,0.9043062200956936,0.022392988204956,0.0061714649200439,1,0,1,0,0,0,1,0,0,0,0,0,0,0,0,0,0,0,0,1,0,0,0,0,0,0,8.746728251596803,rbf,3,scale,-0.2341931607876865,True,0.0004380804737248,0
PizzaCutter3_1444,0,0.9043062200956936,0.0124666690826416,0.00352144241333,1,0,0,0,1,0,1,0,0,0,0,0,0,0,0,0,0,0,0,1,0,0,0,0,0,0,1.6922484890026406,poly,3,scale,-0.1575483168521373,False,0.0006259132405199,0
PizzaCutter3_1444,0,0.9043062200956936,0.0140440464019775,0.0037477016448974,0,1,0,1,0,0,1,0,0,0,0,0,0,0,0,0,0,0,0,0,0,0,0,0,0,1,3.458199141095843,rbf,2,auto,0.1450722539901448,False,0.0068005818399157,0
PizzaCutter3_1444,0,0.9043062200956936,0.0135300159454345,0.0036776065826416,1,0,0,1,0,0,1,0,0,0,0,0,0,0,0,0,0,0,0,1,0,0,0,0,0,0,0.244608809749926,rbf,2,scale,0.7034905185170538,False,0.000142990602094,0
PizzaCutter3_1444,0,0.9043062200956936,0.0223867893218994,0.0061655044555664,1,0,1,0,0,0,1,0,0,0,0,0,0,0,0,0,0,0,0,0,0,0,0,0,0,1,1.6370558339965422,sigmoid,3,auto,0.0186312263863934,False,0.0007492374853264,0
PizzaCutter3_1444,0,0.9043062200956936,0.0201554298400878,0.0047154426574707,0,1,1,0,0,0,1,0,0,0,0,0,0,0,0,0,0,0,0,1,0,0,0,0,0,0,2.257895531817031,rbf,3,scale,0.365375162980896,True,0.0002273591258042,0
PizzaCutter3_1444,0,0.9043062200956936,0.0128819942474365,0.0034267902374267,1,0,0,0,1,0,1,0,0,0,0,0,0,0,0,0,0,0,0,0,0,0,0,0,1,0,0.7737479020619074,rbf,4,scale,-0.1953626871555922,True,0.0022850452908046,0
PizzaCutter3_1444,0,0.9043062200956936,0.0125923156738281,0.0033380985260009,1,0,0,0,1,0,1,0,0,0,0,0,0,0,0,0,0,0,0,0,0,0,0,0,0,1,0.4619949748871897,rbf,2,auto,0.1274620255224151,True,0.0006640719206661,0
PizzaCutter3_1444,0,0.9043062200956936,0.0127744674682617,0.0057508945465087,0,1,0,0,1,0,1,0,0,0,0,0,0,0,0,0,0,0,0,0,0,0,0,0,0,1,2.289905784199944,rbf,3,0.5383354412487051,0.3446964086079165,True,0.0001996611082758,0
PizzaCutter3_1444,0,0.9043062200956936,0.0135715007781982,0.0037503242492675,0,1,0,0,1,0,1,0,0,0,0,0,0,0,0,0,0,0,0,1,0,0,0,0,0,0,8.433489007904345,linear,2,0.353448664449485,0.0376170302770348,True,0.0059968222385934,0
PizzaCutter3_1444,0,0.9043062200956936,0.0133090019226074,0.0035419464111328,1,0,0,1,0,0,1,0,0,0,0,0,0,0,0,0,0,0,0,0,0,0,0,0,1,0,1.754792688211216,linear,4,scale,1.0,False,0.0004592377834725,0
PizzaCutter3_1444,0,0.9043062200956936,0.0137248039245605,0.003678560256958,1,0,0,1,0,0,1,0,0,0,0,0,0,0,0,0,0,0,0,0,0,0,0,0,0,1,1.7575349689679882,sigmoid,3,scale,-0.1157134031222147,False,0.004168845587157,0
PizzaCutter3_1444,0,0.9043062200956936,0.0212068557739257,0.0057704448699951,0,1,0,1,0,0,1,0,0,0,0,0,0,0,0,0,0,0,0,0,0,0,0,0,1,0,0.4467141489467169,sigmoid,3,scale,0.3446647570818202,True,0.000147581809479,0
PizzaCutter3_1444,0,0.8995215311004785,0.1653883457183838,0.0390746593475341,1,0,1,0,0,0,0,0,0,0,0,0,0,0,0,1,0,0,0,0,0,0,0,1,0,0,0.254138966696908,sigmoid,4,auto,0.5032388478994427,True,0.002018633732128,0
PizzaCutter3_1444,0,0.8995215311004785,0.0516855716705322,0.0235824584960937,1,0,1,0,0,0,0,0,0,0,0,0,0,0,1,0,0,0,0,0,0,0,0,1,0,0,5.762272504443148,rbf,2,auto,0.444727087029458,False,0.0003807012335632,0
robot-failures-lp5_1520,3,0.9090909090909092,0.0038609504699707,0.0006849765777587,1,0,0,0,1,0,0,0,0,0,0,0,1,0,0,0,0,0,0,0,0,0,0,1,0,0,0.1291757575170719,rbf,2,0.10207330235764667,-0.079695634777594,True,0.0027462084863573,0
robot-failures-lp5_1520,3,0.9090909090909092,0.0039441585540771,0.0006880760192871,0,1,0,1,0,0,0,0,0,0,0,0,0,1,0,0,0,0,0,0,0,0,0,1,0,0,2.2700343596565027,linear,4,scale,0.3641488136985645,True,0.0023935018713498,0
robot-failures-lp5_1520,3,0.9090909090909092,0.0033590793609619,0.0005595684051513,1,0,1,0,0,0,0,0,0,0,0,0,1,0,0,0,0,0,0,0,0,0,0,1,0,0,1.4871747959002397,linear,3,scale,-0.3615134927589156,True,0.0086823730787919,0
robot-failures-lp5_1520,3,0.9090909090909092,0.0039155483245849,0.0006735324859619,0,1,0,1,0,0,0,0,0,1,0,0,0,0,0,0,0,0,0,0,0,0,0,1,0,0,2.483357327600792,sigmoid,2,scale,0.1770188616669941,False,0.0003257379039236,0
robot-failures-lp5_1520,3,0.9090909090909092,0.0039010047912597,0.0006632804870605,0,1,0,0,1,0,0,0,0,1,0,0,0,0,0,0,0,0,0,0,0,0,0,1,0,0,5.12244825171104,poly,2,scale,-0.4953653129277456,True,0.0004194384433541,0
robot-failures-lp5_1520,3,0.9090909090909092,0.0037269592285156,0.0006802082061767,0,1,0,0,1,0,0,0,0,0,0,0,1,0,0,0,0,0,0,0,0,0,0,1,0,0,3.8064632148376414,poly,2,scale,-0.0398295318721565,False,0.000355889334706,0
robot-failures-lp5_1520,3,0.9090909090909092,0.0028269290924072,0.0005044937133789,1,0,0,1,0,0,0,0,0,0,0,1,0,0,0,0,0,0,0,0,0,0,0,1,0,0,0.8756165106056117,rbf,4,auto,0.0539234736465288,True,0.0001852279875405,0
robot-failures-lp5_1520,3,0.9090909090909092,0.0039200782775878,0.0007216930389404,0,1,0,0,1,0,0,0,0,0,0,0,0,1,0,0,0,0,0,0,0,0,0,1,0,0,0.5914909457660286,poly,3,scale,0.6375247830598807,False,0.0065335065346347,0
robot-failures-lp5_1520,3,0.9090909090909092,0.0038115978240966,0.000727891921997,1,0,1,0,0,0,0,0,0,0,0,0,0,1,0,0,0,0,0,0,0,0,0,1,0,0,0.6169576014420038,sigmoid,2,auto,-0.0678165170660651,True,0.0016922391385609,0
robot-failures-lp5_1520,3,0.9090909090909092,0.0027604103088378,0.0004830360412597,1,0,0,0,1,0,0,0,0,0,0,1,0,0,0,0,0,0,0,0,0,0,0,1,0,0,0.9435090306150752,linear,3,0.2671209293303411,0.067591336344785,False,0.0011500421921425,0
robot-failures-lp5_1520,3,0.9090909090909092,0.0041823387145996,0.0006783008575439,1,0,0,0,1,0,0,0,0,0,0,0,0,1,0,0,0,0,0,0,0,0,0,1,0,0,2.7452325237226023,linear,3,scale,0.2055314068394541,False,0.0087470748706982,0
robot-failures-lp5_1520,3,0.9090909090909092,0.0038650035858154,0.000772476196289,0,1,1,0,0,0,0,0,0,1,0,0,0,0,0,0,0,0,0,0,0,0,0,1,0,0,3.644634344664604,sigmoid,3,auto,0.2185231768395145,True,0.0012234314346037,0
robot-failures-lp5_1520,3,0.9090909090909092,0.003868818283081,0.0007014274597167,0,1,1,0,0,0,0,0,0,0,0,0,0,1,0,0,0,0,0,0,0,0,0,1,0,0,0.5994335367589566,sigmoid,3,0.3314341603299422,0.5865688738691347,True,0.0031341407976014,0
robot-failures-lp5_1520,3,0.9090909090909092,0.0029199123382568,0.0005114078521728,0,1,1,0,0,0,0,0,0,0,0,1,0,0,0,0,0,0,0,0,0,0,0,1,0,0,0.6396829867845617,sigmoid,2,auto,-0.1403845142735948,False,0.0078776533570971,0
robot-failures-lp5_1520,3,0.9090909090909092,0.003497838973999,0.0005836486816406,0,1,1,0,0,0,0,0,0,0,0,0,1,0,0,0,0,0,0,0,0,0,0,1,0,0,8.817763327440352,linear,3,scale,0.0117779937076088,True,0.0015191407206855,0
robot-failures-lp5_1520,3,0.9090909090909092,0.0037539005279541,0.0014407634735107,1,0,0,1,0,0,0,0,0,0,0,0,0,1,0,0,0,0,0,0,0,0,0,1,0,0,5.250439572155043,poly,2,scale,0.5310120395461398,False,0.0001761186139101,0
robot-failures-lp5_1520,3,0.9090909090909092,0.0038478374481201,0.0007021427154541,1,0,0,0,1,0,0,0,0,1,0,0,0,0,0,0,0,0,0,0,0,0,0,1,0,0,0.2887949789054616,rbf,3,auto,-0.1856418555932826,True,0.0048873804184946,0
robot-failures-lp5_1520,3,0.9090909090909092,0.0041193962097167,0.0006630420684814,1,0,0,1,0,0,0,0,0,1,0,0,0,0,0,0,0,0,0,0,0,0,0,1,0,0,0.8132480934882997,sigmoid,2,auto,0.65272554884892,True,0.0001596780899539,0
robot-failures-lp5_1520,3,0.9090909090909092,0.0037696361541748,0.0007276535034179,1,0,0,1,0,0,0,0,0,0,0,0,1,0,0,0,0,0,0,0,0,0,0,1,0,0,7.524600270434461,sigmoid,4,scale,0.0615325253450775,True,0.0078177943696531,0
robot-failures-lp5_1520,3,0.9090909090909092,0.0039286613464355,0.0006635189056396,1,0,1,0,0,0,0,0,0,1,0,0,0,0,0,0,0,0,0,0,0,0,0,1,0,0,0.1579934584703989,sigmoid,3,scale,-0.2591409929465175,True,0.0007823476573488,0
satimage_182,0,0.9199066874027994,3.8759820461273193,0.9959661960601808,0,1,1,0,0,0,0,0,0,0,0,0,0,0,0,1,0,0,0,0,0,0,0,1,0,0,8.099388039648588,rbf,5,scale,0.4134089842657714,True,0.0023844254734977,0
satimage_182,0,0.9199066874027994,3.848633050918579,1.0142509937286377,1,0,1,0,0,0,0,0,0,0,0,0,0,0,0,1,0,0,0,0,0,0,0,1,0,0,8.742375961078498,rbf,2,auto,-0.039608927693435,True,0.0049592922081023,0
satimage_182,0,0.9199066874027994,4.671894311904907,1.0160365104675293,1,0,0,0,1,0,0,0,0,0,0,0,0,0,0,1,0,0,0,0,0,0,0,1,0,0,0.1489134667523501,sigmoid,4,scale,0.3129196046715886,False,0.0002143046263527,0
satimage_182,0,0.9199066874027994,3.75996732711792,0.9889156818389891,1,0,0,1,0,0,0,0,0,0,0,0,0,0,0,1,0,0,0,0,0,0,0,1,0,0,0.3199633043414571,sigmoid,2,scale,-0.253499299275804,True,0.0004603030853209,0
satimage_182,0,0.9199066874027994,3.8228330612182617,2.233660697937012,0,1,0,1,0,0,0,0,0,0,0,0,0,0,0,1,0,0,0,0,0,0,0,1,0,0,0.1098033826105182,poly,3,scale,0.0151761112818317,True,0.0021821354126418,0
satimage_182,0,0.9199066874027994,3.684937715530396,0.964214563369751,0,1,0,0,1,0,0,0,0,0,0,0,0,0,0,1,0,0,0,0,0,0,0,1,0,0,6.024573579787241,poly,3,scale,-0.1027805014785715,True,0.004164881839552,0
satimage_182,0,0.9191290824261276,0.3078536987304687,0.1795399188995361,0,1,0,1,0,0,0,0,0,0,0,0,1,0,0,0,0,0,0,0,0,0,1,0,0,0,0.1843259564239953,sigmoid,3,0.15742364490589553,0.0065503268092234,True,0.0007323829466423,0
satimage_182,0,0.9191290824261276,0.3151352405548095,0.2260754108428955,1,0,0,0,1,0,0,0,0,0,0,0,1,0,0,0,0,0,0,0,0,0,1,0,0,0,0.3756975727722553,linear,2,scale,-0.3301087640617501,False,0.0048108212292898,0
satimage_182,0,0.9191290824261276,0.345409631729126,0.1826372146606445,1,0,1,0,0,0,0,0,0,0,0,0,1,0,0,0,0,0,0,0,0,0,1,0,0,0,7.170518236272467,linear,2,scale,-0.1418755922592999,True,0.009842033211252,0
satimage_182,0,0.9191290824261276,0.3215270042419433,0.1866321563720703,1,0,0,1,0,0,0,0,0,0,0,0,1,0,0,0,0,0,0,0,0,0,1,0,0,0,0.5877969005356692,sigmoid,5,0.10408530422815122,0.0200596223770864,False,0.0030647252531867,0
satimage_182,0,0.9191290824261276,0.2793087959289551,0.1664061546325683,0,1,1,0,0,0,0,0,0,0,0,0,1,0,0,0,0,0,0,0,0,0,1,0,0,0,0.5933365424682262,sigmoid,3,auto,0.4880459239574356,False,0.0007586964156649,0
satimage_182,0,0.9191290824261276,0.3070356845855713,0.1746563911437988,0,1,0,0,1,0,0,0,0,0,0,0,1,0,0,0,0,0,0,0,0,0,1,0,0,0,0.437642616411209,rbf,2,scale,-0.2198208638521731,False,0.0008450468163277,0
satimage_182,0,0.9183514774494556,0.3744881153106689,0.1959259510040283,1,0,0,0,1,0,0,0,0,0,0,0,0,0,0,0,1,0,0,1,0,0,0,0,0,0,6.795400445616859,rbf,2,scale,0.1637448726204442,True,0.0028217786738563,0
satimage_182,0,0.9183514774494556,0.3753409385681152,0.2377753257751464,0,1,0,0,1,0,0,0,0,0,0,0,0,0,0,0,1,0,0,1,0,0,0,0,0,0,9.387708400338123,linear,2,auto,-0.2209262516151078,False,0.0078993768796531,0
satimage_182,0,0.9183514774494556,0.3742213249206543,0.1973752975463867,1,0,1,0,0,0,0,0,0,0,0,0,0,0,0,0,1,0,0,1,0,0,0,0,0,0,5.324032661384026,linear,4,0.5403580570851221,-0.2913469180891094,False,0.000604339656493,0
satimage_182,0,0.9183514774494556,0.3579027652740478,0.1916224956512451,0,1,0,1,0,0,0,0,0,0,0,0,0,0,0,0,1,0,0,1,0,0,0,0,0,0,0.2999277803860918,rbf,2,auto,0.1441964621278022,True,0.0003882750480666,0
satimage_182,0,0.9183514774494556,0.3961913585662842,0.2016332149505615,1,0,0,1,0,0,0,0,0,0,0,0,0,0,0,0,1,0,0,1,0,0,0,0,0,0,1.9512444197044632,rbf,3,scale,0.0030866070830377,False,0.0001384309227122,0
satimage_182,0,0.9183514774494556,0.3612744808197021,0.1894266605377197,0,1,1,0,0,0,0,0,0,0,0,0,0,0,0,0,1,0,0,1,0,0,0,0,0,0,0.7837382445978405,linear,3,0.3451355783789167,0.1544150787473698,True,0.0003766505912233,0
satimage_182,0,0.917573872472784,0.3174152374267578,0.1771342754364013,1,0,0,0,1,0,0,0,0,0,0,0,1,0,0,0,0,0,0,0,0,0,0,0,0,1,4.682508094722787,rbf,4,scale,-0.0808085519610945,False,0.0002851517966976,0
satimage_182,0,0.917573872472784,0.3199679851531982,0.1742911338806152,1,0,0,1,0,0,0,0,0,0,0,0,1,0,0,0,0,0,0,0,0,0,0,0,0,1,4.65907592017905,poly,2,auto,-0.1960343048076782,True,0.0012301360752965,0
fri_c4_500_50_805,3,0.89,0.0038821697235107,0.001044750213623,0,1,0,0,1,1,0,0,0,0,0,0,0,0,0,0,0,0,0,0,0,0,1,0,0,0,1.2966421007976274,sigmoid,3,scale,-0.4598685745046418,True,0.0024486204195834,0
fri_c4_500_50_805,3,0.89,0.0037784576416015,0.0009980201721191,1,0,1,0,0,1,0,0,0,0,0,0,0,0,0,0,0,0,0,0,0,0,1,0,0,0,5.50817776677612,rbf,4,0.13779676321873446,0.1005398409787258,True,0.0017331287501791,0
fri_c4_500_50_805,3,0.89,0.0038795471191406,0.001035451889038,1,0,0,1,0,1,0,0,0,0,0,0,0,0,0,0,0,0,0,0,0,0,1,0,0,0,0.3666549910004517,linear,4,scale,0.5068204232610861,False,0.0001366544485581,0
fri_c4_500_50_805,3,0.89,0.0061676502227783,0.0011975765228271,1,0,0,0,1,1,0,0,0,0,0,0,0,0,0,0,0,0,0,0,0,0,1,0,0,0,1.6697719979395709,rbf,2,0.013499132635867396,0.286527107223143,False,0.0024706526550496,0
fri_c4_500_50_805,3,0.89,0.003875732421875,0.0010106563568115,0,1,0,1,0,1,0,0,0,0,0,0,0,0,0,0,0,0,0,0,0,0,1,0,0,0,8.177723785399952,rbf,2,scale,-0.1602815415697973,False,0.0036072697198278,0
fri_c4_500_50_805,3,0.89,0.003791332244873,0.0010411739349365,0,1,1,0,0,1,0,0,0,0,0,0,0,0,0,0,0,0,0,0,0,0,1,0,0,0,0.558720427093319,sigmoid,2,scale,-0.2778192605857064,True,0.0009375368531932,0
fri_c4_500_50_805,3,0.88,0.0041639804840087,0.0009782314300537,0,1,1,0,0,1,0,0,0,0,0,0,0,0,0,0,0,0,0,1,0,0,0,0,0,0,5.541061593608618,rbf,2,scale,-0.0853673840561782,False,0.0027051689885419,0
fri_c4_500_50_805,3,0.88,0.0039038658142089,0.00095796585083,1,0,0,0,1,1,0,0,0,0,0,0,0,0,0,0,0,0,0,1,0,0,0,0,0,0,1.6154119794617974,poly,3,scale,-0.0370695993426474,False,0.0030875568587605,0
fri_c4_500_50_805,3,0.88,0.0037555694580078,0.0009543895721435,0,1,1,0,0,1,0,0,0,0,0,0,0,0,0,0,0,0,0,0,0,0,0,0,1,0,1.2231066926922936,rbf,4,scale,-0.0192414602391617,True,0.0004118294168572,0
fri_c4_500_50_805,3,0.88,0.0037229061126708,0.0009377002716064,1,0,1,0,0,1,0,0,0,0,0,0,0,0,0,0,0,0,0,0,0,0,0,0,0,1,1.297244355201404,rbf,2,scale,0.157099903597351,False,0.0001068831825401,0
fri_c4_500_50_805,3,0.88,0.0036969184875488,0.0009870529174804,1,0,0,1,0,1,0,0,0,0,0,0,0,0,0,0,0,0,0,0,0,0,0,0,0,1,5.848773664022198,rbf,2,scale,-0.3681779712465495,False,0.0003501418928206,0
fri_c4_500_50_805,3,0.88,0.0038568973541259,0.0009984970092773,0,1,0,1,0,1,0,0,0,0,0,0,0,0,0,0,0,0,0,1,0,0,0,0,0,0,2.4639274459507563,linear,3,scale,0.0868146747925787,True,0.0001335243459595,0
fri_c4_500_50_805,3,0.88,0.0040149688720703,0.0009927749633789,1,0,0,1,0,1,0,0,0,0,0,0,0,0,0,0,0,0,0,1,0,0,0,0,0,0,0.5985733148183583,rbf,2,scale,0.0309874816261778,False,0.0003289324915321,0
fri_c4_500_50_805,3,0.88,0.0039632320404052,0.0009970664978027,1,0,1,0,0,1,0,0,0,0,0,0,0,0,0,0,0,0,0,1,0,0,0,0,0,0,0.4040859925238962,rbf,3,auto,-0.1279593124086691,False,0.0004157930662122,0
fri_c4_500_50_805,3,0.88,0.0036795139312744,0.0010254383087158,0,1,1,0,0,1,0,0,0,0,0,0,0,0,0,0,0,0,0,0,0,0,0,0,0,1,7.484623206528075,poly,4,auto,0.1925650754698948,False,0.0003600839592352,0
fri_c4_500_50_805,3,0.88,0.0036737918853759,0.0009338855743408,1,0,0,0,1,1,0,0,0,0,0,0,0,0,0,0,0,0,0,0,0,0,0,0,0,1,2.1775720342529667,linear,3,auto,0.4008942453023584,True,0.0086221082161383,0
fri_c4_500_50_805,3,0.88,0.0036618709564208,0.0009946823120117,1,0,0,0,1,1,0,0,0,0,0,0,0,0,0,0,0,0,0,0,0,0,0,0,1,0,4.262262372024281,linear,3,scale,0.3924079365489573,False,0.0001526267156786,0
fri_c4_500_50_805,3,0.88,0.0037581920623779,0.0009553432464599,0,1,0,1,0,1,0,0,0,0,0,0,0,0,0,0,0,0,0,0,0,0,0,0,0,1,0.2233724614045351,poly,3,auto,0.0539912397789296,True,0.0014386853656354,0
fri_c4_500_50_805,3,0.88,0.0040943622589111,0.0010578632354736,0,1,0,0,1,1,0,0,0,0,0,0,0,0,0,0,0,0,0,1,0,0,0,0,0,0,5.427355648772164,rbf,3,scale,-0.3606680464130888,False,0.0014995561787825,0
fri_c4_500_50_805,3,0.88,0.0036878585815429,0.0009772777557373,1,0,1,0,0,1,0,0,0,0,0,0,0,0,0,0,0,0,0,0,0,0,0,0,1,0,4.167982641120664,linear,2,auto,-0.087231852210437,True,0.0004011613656115,0
SPECT_336,2,0.9056603773584906,0.0048780441284179,0.0013492107391357,0,1,0,0,1,0,0,0,0,0,0,0,0,0,0,0,1,0,0,0,1,0,0,0,0,0,4.423392812187862,poly,3,auto,0.0129304327721309,False,0.0039879290633785,0
SPECT_336,2,0.9056603773584906,0.0039954185485839,0.0010404586791992,0,1,1,0,0,0,0,0,0,0,0,0,0,0,0,0,1,0,0,0,1,0,0,0,0,0,0.1030930105134072,rbf,4,scale,0.1599408862912084,True,0.0002239310665362,0
SPECT_336,2,0.9056603773584906,0.0050220489501953,0.0013530254364013,1,0,1,0,0,0,0,0,0,0,0,0,0,0,0,0,1,0,0,0,1,0,0,0,0,0,1.8708196179378556,poly,3,auto,0.0822028368015752,False,0.0002388367532489,0
SPECT_336,2,0.9056603773584906,0.0041873455047607,0.0010633468627929,0,1,0,1,0,0,0,0,0,0,0,0,0,0,0,0,1,0,0,1,0,0,0,0,0,0,0.931900329578972,sigmoid,3,auto,-0.0113426254921878,True,0.0011066257450634,0
SPECT_336,2,0.9056603773584906,0.0033283233642578,0.0008292198181152,0,1,0,1,0,0,0,0,0,0,0,0,0,0,0,0,1,0,0,0,0,1,0,0,0,0,0.3371724967802642,sigmoid,2,auto,0.1346792723756796,False,0.001724914800889,0
SPECT_336,2,0.9056603773584906,0.0042657852172851,0.0011417865753173,0,1,1,0,0,0,0,0,0,0,0,0,0,0,0,0,1,0,0,0,0,0,0,1,0,0,8.100130598097802,rbf,4,scale,-0.2934435155360725,True,0.0001828444097739,0
SPECT_336,2,0.9056603773584906,0.0038130283355712,0.0010616779327392,0,1,0,0,1,0,0,0,0,0,0,0,0,0,0,0,1,0,0,0,0,1,0,0,0,0,6.391700694020771,sigmoid,4,0.4091896663025737,0.0524453283598622,False,0.0008455416852917,0
SPECT_336,2,0.9056603773584906,0.0036103725433349,0.000903844833374,1,0,1,0,0,0,0,0,0,0,0,0,0,0,0,0,1,0,0,0,0,1,0,0,0,0,0.6350260112308949,rbf,4,scale,-0.2793372201327105,False,0.000566017545277,0
SPECT_336,2,0.9056603773584906,0.0042228698730468,0.0011036396026611,1,0,0,0,1,0,0,0,0,0,0,0,0,0,0,0,1,0,0,0,0,0,0,1,0,0,4.396761075275743,poly,3,scale,-0.4757713665970688,True,0.0041650344639962,0
SPECT_336,2,0.9056603773584906,0.00400972366333,0.0011162757873535,0,1,1,0,0,0,0,0,0,0,0,0,0,0,0,0,1,0,0,0,0,0,0,0,1,0,1.112886956155137,rbf,3,scale,-0.3256075366086084,False,0.000302338401933,0
SPECT_336,2,0.9056603773584906,0.0034351348876953,0.0008728504180908,0,1,0,0,1,0,0,0,0,0,0,0,0,0,0,0,1,0,0,0,0,0,0,1,0,0,4.463146723640857,linear,2,auto,-0.4349145696463394,True,0.0002638055008331,0
SPECT_336,2,0.9056603773584906,0.0040931701660156,0.0010578632354736,0,1,0,0,1,0,0,0,0,0,0,0,0,0,0,0,1,0,0,0,0,0,0,0,1,0,1.6526026879617817,rbf,3,0.09287152063320445,0.0080379700879255,False,0.0089985796556645,0
SPECT_336,2,0.9056603773584906,0.0035429000854492,0.0008156299591064,1,0,0,0,1,0,0,0,0,0,0,0,0,0,0,0,1,0,0,0,0,1,0,0,0,0,5.2029497193905545,linear,4,scale,-0.4123185358168977,True,0.0015382223465562,0
SPECT_336,2,0.9056603773584906,0.0032711029052734,0.0008203983306884,0,1,1,0,0,0,0,0,0,0,0,0,0,0,0,0,1,0,0,0,0,1,0,0,0,0,0.2011511792360585,rbf,3,auto,0.1894401998168145,False,0.0009870878878845,0
SPECT_336,2,0.9056603773584906,0.0042507648468017,0.0011160373687744,1,0,0,0,1,0,0,0,0,0,0,0,0,0,0,0,1,0,0,0,0,0,0,0,1,0,2.861556245667781,rbf,4,auto,0.058786989218302,True,0.0002644746529408,0
SPECT_336,2,0.9056603773584906,0.0041110515594482,0.0010991096496582,1,0,0,1,0,0,0,0,0,0,0,0,0,0,0,0,1,0,0,0,0,0,0,1,0,0,0.3507765783036377,poly,3,0.15202999535524367,0.1756474301230151,False,0.0046448365292899,0
SPECT_336,2,0.9056603773584906,0.0041112899780273,0.0010263919830322,0,1,0,1,0,0,0,0,0,0,0,0,0,0,0,0,1,0,0,0,0,0,0,1,0,0,0.405966519645813,linear,2,0.29621889998988665,0.1145684964595922,False,0.0001541238620091,0
SPECT_336,2,0.9056603773584906,0.0040762424468994,0.0011107921600341,0,1,0,1,0,0,0,0,0,0,0,0,0,0,0,0,1,0,0,0,0,0,0,0,1,0,0.5713668204959261,linear,3,auto,0.5169131009866662,True,0.0001690499810446,0
SPECT_336,2,0.9056603773584906,0.0045676231384277,0.0014708042144775,1,0,0,1,0,0,0,0,0,0,0,0,0,0,0,0,1,0,0,0,1,0,0,0,0,0,0.1571241599783941,poly,4,scale,0.1873461177915842,False,0.0004116887834407,0
SPECT_336,2,0.9056603773584906,0.0043921470642089,0.0010814666748046,0,1,0,1,0,0,0,0,0,0,0,0,0,0,0,0,1,0,0,0,1,0,0,0,0,0,2.755680092311928,sigmoid,3,auto,-0.1052004209164975,False,0.0009411157206373,0
LED-display-domain-7digit_40496,4,0.78,0.0058743953704833,0.0013320446014404,0,1,0,1,0,0,0,0,0,0,0,0,0,0,1,0,0,0,0,0,0,1,0,0,0,0,9.131394674317734,sigmoid,2,0.039669834035339684,0.0541078692558071,False,0.0079039850740215,0
LED-display-domain-7digit_40496,4,0.78,0.0077576637268066,0.0019896030426025,0,1,0,1,0,0,0,0,0,0,0,0,0,0,0,0,1,0,0,0,0,0,0,0,1,0,0.5783867462597448,sigmoid,3,auto,-0.1902974107745491,False,0.0082223076678168,0
LED-display-domain-7digit_40496,4,0.78,0.0078012943267822,0.0021209716796875,0,1,1,0,0,0,0,0,0,0,0,0,0,0,0,0,1,0,0,0,0,0,0,0,1,0,0.1030827657567643,rbf,2,0.430229263361122,-0.0304527555012141,False,0.000187291143732,0
LED-display-domain-7digit_40496,4,0.78,0.0075302124023437,0.0020892620086669,0,1,0,0,1,0,0,0,0,0,0,0,0,0,0,0,1,0,0,0,0,1,0,0,0,0,0.6001754697954053,sigmoid,3,auto,-0.0301962992136386,False,0.0006970123972298,0
LED-display-domain-7digit_40496,4,0.78,0.0076327323913574,0.0021190643310546,0,1,0,1,0,0,0,0,0,0,0,0,0,0,0,0,1,0,0,0,0,1,0,0,0,0,0.1125494222490506,poly,2,scale,0.088944109341227,True,0.0004439015808476,0
LED-display-domain-7digit_40496,4,0.78,0.0096487998962402,0.0025210380554199,1,0,0,0,1,0,0,0,0,0,0,0,0,0,0,0,1,0,0,0,0,1,0,0,0,0,1.4914198552903546,sigmoid,4,scale,-0.2871676693636408,True,0.0001896178765353,0
LED-display-domain-7digit_40496,4,0.78,0.0085058212280273,0.002216100692749,1,0,1,0,0,0,0,0,0,0,0,0,0,0,0,0,1,0,0,0,0,0,0,0,1,0,2.7954229189603264,rbf,4,scale,0.0225801233768371,False,0.0016608668441787,0
LED-display-domain-7digit_40496,4,0.78,0.0065891742706298,0.0023407936096191,1,0,1,0,0,0,0,0,0,0,0,0,0,0,1,0,0,0,0,0,0,1,0,0,0,0,0.407187136744337,sigmoid,3,auto,0.1849742488307037,True,0.0019925383319755,0
LED-display-domain-7digit_40496,4,0.78,0.0085406303405761,0.0022933483123779,1,0,0,1,0,0,0,0,0,0,0,0,0,0,0,0,1,0,0,0,0,0,0,0,1,0,0.2276475351064119,rbf,3,scale,0.4783155321709059,True,0.0004979007512913,0
LED-display-domain-7digit_40496,4,0.78,0.0057542324066162,0.001307725906372,0,1,0,0,1,0,0,0,0,0,0,0,0,0,1,0,0,0,0,0,0,1,0,0,0,0,0.1196752525406147,poly,3,auto,0.0326089774475027,False,0.0007658838194094,0
LED-display-domain-7digit_40496,4,0.78,0.0057106018066406,0.0013039112091064,0,1,1,0,0,0,0,0,0,0,0,0,0,0,1,0,0,0,0,0,0,1,0,0,0,0,5.617878836441235,linear,3,scale,0.0333227719580985,False,0.0037544017108055,0
LED-display-domain-7digit_40496,4,0.78,0.0081746578216552,0.0021724700927734,0,1,1,0,0,0,0,0,0,0,0,0,0,0,0,0,1,0,0,0,0,1,0,0,0,0,1.0183967875467466,sigmoid,2,scale,-0.0772460654072034,True,0.0001298617498671,0
LED-display-domain-7digit_40496,4,0.78,0.0076847076416015,0.0020389556884765,0,1,0,0,1,0,0,0,0,0,0,0,0,0,0,0,1,0,0,0,0,0,0,0,1,0,0.1356970531456874,sigmoid,3,scale,0.549802502901675,False,0.0072275961222871,0
LED-display-domain-7digit_40496,4,0.78,0.0100407600402832,0.0027332305908203,1,0,1,0,0,0,0,0,0,0,0,0,0,0,0,0,1,0,0,0,0,1,0,0,0,0,0.4757593470214058,sigmoid,2,auto,0.1256638305468645,True,0.0058099427784658,0
LED-display-domain-7digit_40496,4,0.78,0.0084767341613769,0.0022416114807128,1,0,0,0,1,0,0,0,0,0,0,0,0,0,0,0,1,0,0,0,0,0,0,0,1,0,0.7476458047234729,rbf,3,scale,-0.0967281918228429,False,0.0002801515351496,0
LED-display-domain-7digit_40496,4,0.78,0.0057096481323242,0.0013256072998046,1,0,0,1,0,0,0,0,0,0,0,0,0,0,1,0,0,0,0,0,0,1,0,0,0,0,0.613639872899733,poly,4,scale,0.064083375731523,True,0.0007370026795551,0
LED-display-domain-7digit_40496,4,0.78,0.005922794342041,0.0013284683227539,1,0,0,0,1,0,0,0,0,0,0,0,0,0,1,0,0,0,0,0,0,1,0,0,0,0,5.343531771345758,rbf,3,auto,0.1866264315083887,True,0.0002083040999798,0
LED-display-domain-7digit_40496,4,0.78,0.0073320865631103,0.0020856857299804,1,0,0,1,0,0,0,0,0,0,0,0,0,0,0,0,1,0,0,0,0,1,0,0,0,0,0.6839391167322421,linear,3,auto,0.1421093925703399,False,0.0002953789030247,0
LED-display-domain-7digit_40496,4,0.77,0.0110886096954345,0.0044682025909423,1,0,1,0,0,0,0,0,0,0,0,0,1,0,0,0,0,0,0,0,0,0,0,0,0,1,0.3613823285526226,linear,2,0.26865488150923883,-0.3312658023165128,True,0.0027918684987685,0
LED-display-domain-7digit_40496,4,0.77,0.043813943862915,0.008007526397705,1,0,1,0,0,0,0,0,0,0,0,0,0,0,0,1,0,0,0,0,0,0,1,0,0,0,0.7052525099271514,poly,3,scale,0.4014510341980274,False,0.0033179997127803,0
Mammographic-Mass-Data-Set_45557,0,0.8341968911917098,0.0106916427612304,0.0021936893463134,0,1,0,0,1,0,0,1,0,0,0,0,0,0,0,0,0,0,0,0,0,0,0,1,0,0,0.5530233376114733,linear,2,auto,0.222820282461536,True,0.0029084177017525,0
Mammographic-Mass-Data-Set_45557,0,0.8341968911917098,0.0089950561523437,0.002413272857666,0,1,0,0,1,0,0,0,0,0,0,0,0,0,0,0,0,0,1,0,0,0,0,1,0,0,0.1425902877203002,rbf,4,auto,-0.3005363695078488,False,0.0001385955567333,0
Mammographic-Mass-Data-Set_45557,0,0.8341968911917098,0.0095191001892089,0.002338171005249,0,1,0,1,0,0,0,0,0,0,0,0,0,0,0,0,0,0,1,0,0,0,0,1,0,0,9.512870010953533,poly,2,scale,-0.2375363234530431,True,0.0001782169782859,0
Mammographic-Mass-Data-Set_45557,0,0.8341968911917098,0.0090312957763671,0.0022475719451904,0,1,1,0,0,0,0,0,0,0,0,0,0,0,0,0,0,0,1,0,0,0,0,1,0,0,0.8337460753356171,poly,3,auto,-0.4835816859125426,True,0.0020149115118043,0
Mammographic-Mass-Data-Set_45557,0,0.8341968911917098,0.0107700824737548,0.002197265625,0,1,0,1,0,0,0,1,0,0,0,0,0,0,0,0,0,0,0,0,0,0,0,1,0,0,0.2482665944691621,rbf,3,0.04517524462994494,-0.2888471258385182,True,0.0011947101794501,0
Mammographic-Mass-Data-Set_45557,0,0.8341968911917098,0.0107066631317138,0.0021936893463134,0,1,1,0,0,0,0,1,0,0,0,0,0,0,0,0,0,0,0,0,0,0,0,1,0,0,0.867966784121555,rbf,3,auto,0.1876762309415543,False,0.0006455901561358,0
Mammographic-Mass-Data-Set_45557,0,0.8290155440414507,0.0177502632141113,0.0030267238616943,0,1,0,0,1,0,0,0,0,0,1,0,0,0,0,0,0,0,0,0,0,0,0,1,0,0,1.166311592130003,rbf,3,auto,-0.2531157534742904,False,0.0022024099087125,0
Mammographic-Mass-Data-Set_45557,0,0.8290155440414507,0.0261383056640625,0.0063130855560302,0,1,0,0,1,0,0,0,0,0,0,0,0,0,0,0,1,0,0,0,0,0,0,1,0,0,0.6298709473054077,sigmoid,3,scale,-0.5227597830657228,True,0.0062452764428498,0
Mammographic-Mass-Data-Set_45557,0,0.8290155440414507,0.0319528579711914,0.008209228515625,0,1,0,0,1,0,0,0,0,0,0,0,1,0,0,0,0,0,0,0,0,0,0,1,0,0,0.4875960292740123,rbf,2,auto,0.0374214733949746,True,0.0002972450899657,0
Mammographic-Mass-Data-Set_45557,0,0.8290155440414507,0.0225460529327392,0.0042808055877685,0,1,0,0,1,0,0,0,0,1,0,0,0,0,0,0,0,0,0,0,0,0,0,0,1,0,2.553151539887748,rbf,3,0.2845680271565999,-0.2283077747661104,True,0.003320321563561,0
Mammographic-Mass-Data-Set_45557,0,0.8290155440414507,0.0124576091766357,0.002631664276123,0,1,0,0,1,0,0,0,0,0,0,0,0,1,0,0,0,0,0,0,0,0,1,0,0,0,2.20757359522995,sigmoid,4,auto,0.5441315448669839,True,0.0002872152114787,0
Mammographic-Mass-Data-Set_45557,0,0.8290155440414507,0.0180225372314453,0.003150463104248,0,1,0,0,1,0,0,0,0,0,0,1,0,0,0,0,0,0,0,0,0,0,1,0,0,0,0.4202355248728168,poly,5,auto,-0.0062217562811744,False,0.0005242308213867,0
Mammographic-Mass-Data-Set_45557,0,0.8290155440414507,0.0207991600036621,0.0038752555847167,0,1,0,0,1,0,0,0,0,1,0,0,0,0,0,0,0,0,0,0,0,0,0,1,0,0,1.280467893754022,poly,4,scale,0.7148726224607336,True,0.002536791116028,0
Mammographic-Mass-Data-Set_45557,0,0.8290155440414507,0.012425422668457,0.0025343894958496,0,1,0,0,1,1,0,0,0,0,0,0,0,0,0,0,0,0,0,0,0,0,0,1,0,0,0.1879134268468466,sigmoid,5,auto,-0.1144727974344713,False,0.0070698941591202,0
Mammographic-Mass-Data-Set_45557,0,0.8290155440414507,0.0125708580017089,0.0025062561035156,0,1,1,0,0,1,0,0,0,0,0,0,0,0,0,0,0,0,0,0,0,0,0,1,0,0,0.9402205726967912,rbf,2,scale,-0.1551102488897058,True,0.0059390513174473,0
Mammographic-Mass-Data-Set_45557,0,0.8290155440414507,0.0192303657531738,0.0031952857971191,0,1,1,0,0,0,0,0,0,1,0,0,0,0,0,0,0,0,0,0,0,0,1,0,0,0,0.9935038147167602,rbf,2,scale,-0.190632632412334,True,0.0002337580196837,0
Mammographic-Mass-Data-Set_45557,0,0.8290155440414507,0.0117192268371582,0.002385139465332,0,1,1,0,0,0,0,0,0,0,0,1,0,0,0,0,0,0,0,0,0,0,0,1,0,0,0.2406995287017561,rbf,3,scale,0.173518278238983,True,0.000467748381117,0
Mammographic-Mass-Data-Set_45557,0,0.8290155440414507,0.0290701389312744,0.0085546970367431,0,1,0,1,0,0,0,0,0,0,0,0,1,0,0,0,0,0,0,0,0,0,0,0,1,0,0.2400257417835948,sigmoid,4,scale,-0.1764131920237486,True,0.0003177999215145,0
Mammographic-Mass-Data-Set_45557,0,0.8290155440414507,0.0114307403564453,0.0024290084838867,0,1,0,1,0,0,0,0,0,0,0,0,0,1,0,0,0,0,0,0,0,0,0,1,0,0,0.1912343800628737,rbf,4,scale,-0.2307578768877198,False,0.0002013893978391,0
Mammographic-Mass-Data-Set_45557,0,0.8290155440414507,0.0206868648529052,0.0040335655212402,0,1,0,1,0,0,0,0,0,1,0,0,0,0,0,0,0,0,0,0,0,0,1,0,0,0,5.383544605487522,rbf,2,auto,-0.3158946931980188,True,0.0001392454285864,0
vote_56,4,1.0,0.0047943592071533,0.0012886524200439,0,1,0,1,0,0,1,0,0,0,0,0,0,0,0,0,0,0,0,0,0,0,0,1,0,0,2.969021873474713,sigmoid,3,auto,-0.1235863651198601,False,0.0029149604412073,0
vote_56,4,1.0,0.0046620368957519,0.0013346672058105,0,1,0,1,0,0,1,0,0,0,0,0,0,0,0,0,0,0,0,1,0,0,0,0,0,0,0.2505905373310179,sigmoid,3,auto,-0.0265798609435595,True,0.0003405073128634,0
vote_56,4,1.0,0.0051393508911132,0.0014014244079589,0,1,0,1,0,0,1,0,0,0,0,0,0,0,0,0,0,0,0,0,1,0,0,0,0,0,4.728029570067494,linear,4,0.6423346983255028,0.227485720478258,True,0.0010307313870236,0
vote_56,4,1.0,0.0047743320465087,0.0013289451599121,0,1,0,1,0,0,1,0,0,0,0,0,0,0,0,0,0,0,0,0,0,1,0,0,0,0,0.4247951731683529,poly,3,scale,-0.0208102870101767,False,0.0002146007688273,0
vote_56,1,0.9885057471264368,0.0048794746398925,0.0015957355499267,0,1,0,0,1,0,0,0,0,0,0,0,1,0,0,0,0,0,0,0,0,0,0,0,0,1,0.4896654630337433,sigmoid,2,scale,-0.3385572558211844,False,0.0058758168815048,0
vote_56,1,0.9885057471264368,0.0297918319702148,0.0071697235107421,1,0,0,1,0,0,0,0,0,0,0,0,0,0,0,1,0,0,0,0,1,0,0,0,0,0,0.1333293699126991,sigmoid,3,scale,-0.2336224529118018,False,0.0001070572592219,0
vote_56,4,0.9885057471264368,0.0026569366455078,0.0006401538848876,1,0,0,1,0,0,0,0,0,0,0,1,0,0,0,0,0,0,0,0,1,0,0,0,0,0,2.827005807151217,sigmoid,3,scale,-0.3123492254783094,True,0.0004837928462531,0
vote_56,4,0.9885057471264368,0.0031163692474365,0.0007133483886718,1,0,0,1,0,0,0,0,0,0,0,1,0,0,0,0,0,0,0,1,0,0,0,0,0,0,0.2827134066409379,sigmoid,3,scale,0.3198716243201603,True,0.0051386261881363,0
vote_56,1,0.9885057471264368,0.0297601222991943,0.00718355178833,1,0,0,1,0,0,0,0,0,0,0,0,0,0,0,1,0,0,0,0,0,0,0,1,0,0,0.8010905170836932,rbf,2,scale,0.2967211575023659,True,0.0005543335492573,0
vote_56,0,0.9885057471264368,0.0020484924316406,0.0003948211669921,0,1,0,0,1,0,0,0,0,0,1,0,0,0,0,0,0,0,0,0,1,0,0,0,0,0,0.1975410443254304,poly,4,0.6269167904852185,-0.0974744380268696,False,0.0042811680512625,0
vote_56,1,0.9885057471264368,0.029639720916748,0.0072121620178222,1,0,0,1,0,0,0,0,0,0,0,0,0,0,0,1,0,0,0,0,0,0,0,0,1,0,3.5896138901234744,rbf,4,0.01108463087951736,-0.2599099255022409,True,0.0001504906162697,0
vote_56,4,0.9885057471264368,0.0023026466369628,0.0005567073822021,0,1,0,1,0,0,0,0,0,0,0,1,0,0,0,0,0,0,0,0,1,0,0,0,0,0,0.9508460009529994,rbf,3,0.7609837589569178,-0.0407324997119333,False,0.0002600457678676,0
vote_56,1,0.9885057471264368,0.0031867027282714,0.0008411407470703,0,1,0,0,1,0,1,0,0,0,0,0,0,0,0,0,0,0,0,0,0,1,0,0,0,0,7.558924418128838,sigmoid,4,0.19489866604298878,0.0052832041053353,True,0.0012053713715764,0
vote_56,1,0.9885057471264368,0.003995656967163,0.0015759468078613,0,1,0,0,1,0,0,0,0,0,0,1,0,0,0,0,0,0,0,0,1,0,0,0,0,0,0.2814071078091969,linear,3,0.22920516314941378,-0.4625795633312612,False,0.0042671413276718,0
vote_56,1,0.9885057471264368,0.0053398609161376,0.0016701221466064,0,1,0,0,1,0,0,0,0,0,0,0,1,0,0,0,0,0,0,1,0,0,0,0,0,0,0.1245910760157621,rbf,4,0.09690103279345316,0.0405646454153276,True,0.0001967093381968,0
vote_56,1,0.9885057471264368,0.0320606231689453,0.0078961849212646,1,0,0,1,0,0,0,0,0,0,0,0,0,0,0,1,0,0,0,0,0,0,0,0,0,1,0.4740656323838354,linear,3,auto,-0.425571158845735,True,0.0037643591036777,0
vote_56,1,0.9885057471264368,0.0032501220703125,0.0007133483886718,0,1,0,0,1,0,0,0,0,0,0,0,0,1,0,0,0,0,0,0,0,0,0,0,1,0,1.1530640883066503,sigmoid,5,scale,-0.2662694613730782,False,0.0072885668478145,0
vote_56,0,0.9885057471264368,0.0021741390228271,0.0004220008850097,0,1,0,0,1,0,0,0,0,0,1,0,0,0,0,0,0,0,0,0,0,0,1,0,0,0,1.4569971943750273,poly,2,auto,-0.112339641036595,False,0.0001067812819559,0
vote_56,1,0.9885057471264368,0.003631591796875,0.0008401870727539,0,1,0,0,1,0,0,0,0,0,0,1,0,0,0,0,0,0,0,1,0,0,0,0,0,0,4.497543621004514,poly,2,auto,-0.0320857789285725,True,0.0002967418643516,0
vote_56,1,0.9885057471264368,0.0274825096130371,0.0065619945526123,0,1,0,0,1,0,0,0,0,0,0,0,0,0,0,1,0,0,0,0,0,0,0,1,0,0,1.3443189944525211,linear,2,scale,-0.3436570262369571,False,0.0001751636225401,0
chscase_census2_909,3,0.6625,0.0033724308013916,0.0009136199951171,0,1,1,0,0,0,0,0,0,0,0,0,0,0,0,0,0,0,1,0,0,0,0,0,0,1,0.2065036864439891,rbf,3,scale,-0.2422704146402094,True,0.0001764125415591,0
chscase_census2_909,3,0.6625,0.003392219543457,0.0009841918945312,1,0,0,0,1,0,0,0,0,0,0,0,0,0,0,0,0,0,1,0,0,0,0,0,0,1,1.6006776162908538,linear,5,scale,0.0450077811884954,True,0.0034184714076914,0
chscase_census2_909,3,0.6625,0.0034332275390625,0.0009031295776367,1,0,0,1,0,0,0,0,0,0,0,0,0,0,0,0,0,0,1,0,0,0,0,0,0,1,0.2260014534324316,poly,2,auto,-0.0373969374944671,False,0.0002273173687207,0
chscase_census2_909,3,0.6625,0.0036039352416992,0.001000165939331,0,1,0,1,0,0,0,0,0,0,0,0,0,0,0,0,0,0,1,0,0,0,0,0,0,1,4.407641223083143,linear,3,auto,0.5274405777381035,True,0.0006538633099339,0
chscase_census2_909,3,0.6625,0.0034372806549072,0.000903844833374,0,1,0,0,1,0,0,0,0,0,0,0,0,0,0,0,0,0,1,0,0,0,0,0,0,1,0.1543394312588532,rbf,3,scale,-0.2668407920994414,True,0.002930808958142,0
chscase_census2_909,3,0.6625,0.003458023071289,0.0009312629699707,1,0,1,0,0,0,0,0,0,0,0,0,0,0,0,0,0,0,1,0,0,0,0,0,0,1,0.2038201791500258,sigmoid,3,scale,0.0070228497985448,True,0.0001130083748949,0
chscase_census2_909,2,0.6125,0.0059456825256347,0.0015671253204345,0,1,0,1,0,0,0,0,0,1,0,0,0,0,0,0,0,0,0,0,0,1,0,0,0,0,0.6665390129145832,rbf,3,scale,-0.3487660447166031,True,0.0089838491387686,0
chscase_census2_909,2,0.6125,0.0089342594146728,0.0031490325927734,1,0,0,0,1,0,0,0,0,0,0,0,1,0,0,0,0,0,0,0,0,1,0,0,0,0,0.2635883040867159,rbf,3,scale,0.3922878073662021,False,0.0002595204967784,0
chscase_census2_909,2,0.6125,0.0035629272460937,0.0009827613830566,1,0,0,1,0,0,0,0,0,0,0,0,0,1,0,0,0,0,0,0,0,1,0,0,0,0,1.2748814371603587,sigmoid,5,scale,0.4363297581942574,True,0.0027734090338992,0
chscase_census2_909,2,0.6125,0.0086555480957031,0.0031204223632812,1,0,0,1,0,0,0,0,0,0,0,0,1,0,0,0,0,0,0,0,0,1,0,0,0,0,2.966961163438481,sigmoid,3,auto,0.2477625060679786,True,0.0077478658836464,0
chscase_census2_909,2,0.6125,0.0039494037628173,0.0010507106781005,0,1,0,0,1,0,0,0,0,0,0,0,0,1,0,0,0,0,0,0,0,1,0,0,0,0,2.608996518575466,sigmoid,2,scale,0.490488290926637,True,0.0019457844001775,0
chscase_census2_909,2,0.6125,0.0063235759735107,0.0016589164733886,1,0,0,1,0,0,0,0,0,1,0,0,0,0,0,0,0,0,0,0,0,1,0,0,0,0,0.201542314903582,linear,3,scale,0.0148895391389041,True,0.001974665345421,0
chscase_census2_909,2,0.6125,0.0059103965759277,0.0015754699707031,1,0,1,0,0,0,0,0,0,1,0,0,0,0,0,0,0,0,0,0,0,1,0,0,0,0,5.076981627067204,poly,2,auto,-0.2754035381957316,True,0.0003039372679746,0
chscase_census2_909,2,0.6125,0.0051984786987304,0.0011904239654541,0,1,1,0,0,0,0,0,0,0,0,1,0,0,0,0,0,0,0,0,0,1,0,0,0,0,0.3197846139123387,poly,2,auto,-0.2434274399723126,False,0.0020510169476293,0
chscase_census2_909,2,0.6125,0.0058298110961914,0.0015630722045898,0,1,1,0,0,0,0,0,0,1,0,0,0,0,0,0,0,0,0,0,0,1,0,0,0,0,0.1872894408010376,sigmoid,2,scale,-0.7196862110836239,True,0.0002685842940959,0
chscase_census2_909,2,0.6125,0.0085957050323486,0.0030655860900878,1,0,1,0,0,0,0,0,0,0,0,0,1,0,0,0,0,0,0,0,0,1,0,0,0,0,0.6971160274846282,rbf,3,auto,-0.7252510967424373,True,0.0002111775219934,0
chscase_census2_909,2,0.6125,0.0035276412963867,0.0009975433349609,1,0,0,0,1,0,0,0,0,0,0,0,0,1,0,0,0,0,0,0,0,1,0,0,0,0,0.1193325347679443,rbf,3,0.014739430212748589,0.2378728749949152,False,0.0025514258035326,0
chscase_census2_909,2,0.6125,0.0058286190032958,0.0015804767608642,1,0,1,0,0,0,0,0,0,0,0,1,0,0,0,0,0,0,0,0,0,1,0,0,0,0,0.213483397757857,linear,3,auto,-0.2890514825970392,False,0.0022985456479969,0
chscase_census2_909,2,0.6125,0.0035607814788818,0.0009944438934326,1,0,1,0,0,0,0,0,0,0,0,0,0,1,0,0,0,0,0,0,0,1,0,0,0,0,1.4926088661458776,rbf,3,auto,-0.3970547020268751,True,0.000259710811723,0
chscase_census2_909,2,0.6125,0.0054984092712402,0.0012116432189941,1,0,0,0,1,0,0,0,0,0,0,1,0,0,0,0,0,0,0,0,0,1,0,0,0,0,0.1046946725578718,sigmoid,4,scale,0.5884271222676235,True,0.0011769275225387,0
autoPrice_756,1,1.0,0.0024704933166503,0.0002999305725097,1,0,1,0,0,0,0,0,0,0,0,1,0,0,0,0,0,0,0,0,0,0,0,0,0,1,0.784291733497441,poly,3,0.07667104566818235,-8.879456132854197e-05,False,0.0004901304728958,0
autoPrice_756,4,1.0,0.0018916130065917,0.0002870559692382,1,0,1,0,0,0,0,0,0,1,0,0,0,0,0,0,0,0,0,0,1,0,0,0,0,0,3.6228585172781713,poly,3,scale,0.3141254472791036,False,0.0018247845049473,0
autoPrice_756,3,1.0,0.0018472671508789,0.0002665519714355,0,1,0,0,1,0,0,0,0,1,0,0,0,0,0,0,0,0,0,0,0,0,0,1,0,0,0.3361616890339844,poly,2,0.078147711195457,-0.031763373137652,False,0.0053905248576715,0
autoPrice_756,4,1.0,0.0012247562408447,0.0002191066741943,0,1,0,0,1,1,0,0,0,0,0,0,0,0,0,0,0,0,0,0,0,0,1,0,0,0,4.665253833591071,linear,3,scale,-0.2010031621536487,True,0.0004260194024939,0
autoPrice_756,3,1.0,0.0083389282226562,0.0014472007751464,1,0,1,0,0,0,0,0,0,0,0,0,0,0,0,1,0,0,0,0,1,0,0,0,0,0,8.395243964780127,linear,2,scale,0.808568822694795,False,0.0012366608371591,0
autoPrice_756,1,1.0,0.0082013607025146,0.0013208389282226,1,0,1,0,0,0,0,0,0,0,0,0,0,0,0,1,0,0,0,0,1,0,0,0,0,0,1.7414572244877475,rbf,5,auto,-0.158424280908526,False,0.0048767917639094,0
autoPrice_756,1,1.0,0.0086231231689453,0.0016369819641113,0,1,0,0,1,0,0,0,0,0,0,0,0,0,0,1,0,0,0,0,0,0,0,1,0,0,5.847909547848166,poly,3,0.2103875977631902,0.1701633651476194,True,0.0095094068281997,0
autoPrice_756,3,1.0,0.0087852478027343,0.0016131401062011,0,1,0,0,1,0,0,0,0,0,0,0,0,0,0,1,0,0,0,0,0,0,0,1,0,0,4.567521961500033,rbf,3,scale,-0.0207811180461758,False,0.0003336221079275,0
autoPrice_756,1,1.0,0.001833438873291,0.0003790855407714,0,1,0,0,1,0,0,0,0,0,0,0,1,0,0,0,0,0,0,0,0,0,0,1,0,0,1.9850822826806271,sigmoid,3,scale,0.2982220146310227,False,0.0001881630097976,0
autoPrice_756,1,1.0,0.0015480518341064,0.0002603530883789,1,0,1,0,0,0,1,0,0,0,0,0,0,0,0,0,0,0,0,0,1,0,0,0,0,0,0.490259256506054,rbf,2,auto,0.4077980626434512,False,0.0006087360963492,0
autoPrice_756,0,1.0,0.0010874271392822,0.0001971721649169,0,1,0,0,1,0,0,0,0,0,0,0,0,0,0,0,0,1,0,0,0,0,0,1,0,0,0.495374853680664,sigmoid,4,auto,-0.2473673528781179,True,0.0002898062322244,0
autoPrice_756,1,1.0,0.0082709789276123,0.0013177394866943,1,0,0,0,1,0,0,0,0,0,0,0,0,0,0,1,0,0,0,0,1,0,0,0,0,0,4.792224519844786,rbf,2,scale,-0.0381333125897825,False,0.0002388697038024,0
autoPrice_756,3,1.0,0.0084333419799804,0.0014104843139648,1,0,0,0,1,0,0,0,0,0,0,0,0,0,0,1,0,0,0,0,1,0,0,0,0,0,0.2279416318663161,rbf,2,0.01539706449242483,-0.600721366947785,False,0.0012623456182612,0
autoPrice_756,4,1.0,0.0014941692352294,0.0002362728118896,1,0,1,0,0,0,0,0,0,0,0,0,0,1,0,0,0,0,0,0,1,0,0,0,0,0,5.1867033963781,rbf,3,auto,-0.0606104680758206,True,0.0001981183548294,0
autoPrice_756,1,1.0,0.008584976196289,0.0014905929565429,1,0,0,1,0,0,0,0,0,0,0,0,0,0,0,1,0,0,0,0,0,1,0,0,0,0,0.3613767519106651,linear,3,scale,0.3026339213125602,True,0.0004016574736055,0
autoPrice_756,1,1.0,0.0013518333435058,0.0002124309539794,0,1,0,0,1,0,0,0,0,0,0,0,0,1,0,0,0,0,0,0,0,0,1,0,0,0,4.087470856193012,sigmoid,4,scale,0.3041835309326796,True,0.000339263884883,0
autoPrice_756,1,1.0,0.0017673969268798,0.0003364086151123,1,0,1,0,0,0,0,0,0,1,0,0,0,0,0,0,0,0,0,0,0,0,0,0,0,1,2.566806906221846,linear,3,scale,0.5502837519444502,True,0.001532637676637,0
autoPrice_756,1,1.0,0.0086445808410644,0.0016262531280517,1,0,0,1,0,0,0,0,0,0,0,0,0,0,0,1,0,0,0,0,0,0,0,1,0,0,0.616638545305028,sigmoid,3,0.06983769316794632,0.2271064519598346,True,0.0003764937631982,0
autoPrice_756,1,1.0,0.0089352130889892,0.0014104843139648,0,1,0,0,1,0,0,0,0,0,0,0,0,0,0,1,0,0,0,0,0,0,0,0,1,0,0.137658497003296,sigmoid,5,scale,-0.127023667590806,True,0.0072967204045383,0
autoPrice_756,3,1.0,0.0082950592041015,0.0014224052429199,0,1,0,0,1,0,0,0,0,0,0,0,0,0,0,1,0,0,0,0,0,0,0,0,1,0,0.572275832959033,poly,2,0.9273387649739727,-0.039666164268278,False,0.008815181497067,0
